1	M	a	0.0	0.0268	0.0437	0.0
2	A	b	0.0	0.0268	0.0357	0.0119
3	N	c	0.0	0.0208	0.0357	0.0774
4	D	d	0.0	0.0208	0.0357	0.0774
5	S	e	0.0	0.0208	0.0357	0.0655
6	P	f	0.0	0.0149	0.0278	0.0536
7	A	g	0.0	0.0119	0.0278	0.0536
8	K	a	0.0	0.006	0.0278	0.0536
9	S	b	0.0	0.0	0.0198	0.0536
10	L	c	0.0	0.0	0.0159	0.0417
11	V	d	0.0	0.0	0.0079	0.0298
12	D	e	0.0	0.0	0.0	0.0298
13	I	f	0.0	0.0	0.0	0.0
14	D	g	0.0	0.0	0.0	0.0
15	L	a	0.0	0.0	0.0	0.0
16	S	b	0.0	0.0	0.0	0.0
17	S	c	0.0	0.0	0.0	0.0
18	L	d	0.0	0.0	0.0	0.0
19	R	e	0.0	0.0	0.0	0.0
20	D	f	0.0	0.0	0.0	0.0
21	P	g	0.0	0.0	0.0	0.0
22	A	a	0.0	0.0	0.0	0.0
23	G	b	0.0	0.0	0.0	0.0
24	I	c	0.0	0.0	0.0	0.0
25	F	d	0.0	0.0	0.0	0.0
26	E	e	0.0	0.0	0.0	0.0
27	L	f	0.0	0.0	0.0	0.0
28	V	g	0.0	0.0	0.0	0.0
29	E	a	0.0	0.0	0.0	0.0
30	V	b	0.0	0.0	0.0	0.0
31	V	c	0.0	0.0	0.0	0.0
32	G	d	0.0	0.0	0.0	0.0
33	N	e	0.0	0.0	0.0	0.0
34	G	f	0.0	0.0	0.0	0.0
35	T	g	0.0	0.0	0.0	0.0
36	Y	a	0.0	0.0	0.0	0.0
37	G	b	0.0	0.0	0.0	0.0
38	Q	c	0.0	0.0	0.0	0.0
39	V	d	0.0	0.0	0.0	0.0
40	Y	e	0.0	0.0	0.0	0.0
41	K	f	0.0	0.0	0.0	0.0
42	G	g	0.0	0.0	0.0	0.0
43	R	a	0.0	0.0	0.0	0.0
44	H	b	0.0	0.0	0.0	0.0
45	V	c	0.0	0.0	0.0	0.0
46	K	d	0.0	0.0	0.0	0.0
47	T	e	0.0	0.0	0.0	0.0
48	G	f	0.0	0.0	0.0	0.0
49	Q	g	0.0	0.0	0.0	0.0
50	L	a	0.0	0.0	0.0	0.0
51	A	b	0.0	0.0	0.0	0.0
52	A	c	0.0	0.0	0.0	0.0
53	I	d	0.0	0.0	0.0	0.0
54	K	e	0.0	0.0	0.0	0.0
55	V	f	0.0	0.0	0.0	0.0
56	M	g	0.0	0.0	0.0079	0.0
57	D	a	0.0	0.0	0.0079	0.006
58	V	b	0.0	0.0	0.0079	0.0238
59	T	c	0.0	0.0	0.0	0.0536
60	E	d	0.0	0.0	0.0159	0.0417
61	D	e	0.0	0.0	0.004	0.0179
62	E	f	0.0	0.0	0.0119	0.0298
63	E	g	0.0	0.0	0.0	0.006
64	E	a	0.0	0.0	0.0	0.0179
65	E	b	0.0	0.0	0.0	0.006
66	I	c	0.0	0.0	0.0	0.006
67	K	d	0.0	0.0	0.0	0.0
68	L	e	0.0	0.0	0.0	0.0
69	E	f	0.0	0.0	0.0	0.0
70	I	g	0.0	0.0	0.0	0.0
71	N	a	0.0	0.0	0.0	0.0
72	M	b	0.0	0.0	0.0	0.0
73	L	c	0.0	0.0	0.0	0.0
74	K	d	0.0	0.0	0.0	0.0
75	K	e	0.0	0.0	0.0	0.0
76	Y	f	0.0	0.0	0.0	0.0
77	S	g	0.0	0.0	0.0	0.0
78	H	a	0.0	0.0	0.0	0.0
79	H	b	0.0	0.0	0.0	0.0
80	R	c	0.0	0.0	0.0	0.0
81	N	d	0.0	0.0	0.0	0.0
82	I	e	0.0	0.0	0.0	0.0
83	A	f	0.0	0.0	0.0	0.0
84	T	g	0.0	0.0	0.0	0.0
85	Y	a	0.0	0.0	0.0	0.0
86	Y	b	0.0	0.0	0.0	0.0
87	G	c	0.0	0.0	0.0	0.0
88	A	d	0.0	0.0	0.0	0.0
89	F	e	0.0	0.0	0.0	0.0
90	I	f	0.0	0.0	0.0	0.0
91	K	g	0.0	0.0	0.0	0.0
92	K	a	0.0	0.0	0.0	0.0
93	S	b	0.0	0.0	0.0	0.0
94	P	c	0.0	0.0	0.0	0.0
95	P	d	0.0	0.0	0.0	0.0
96	G	e	0.0	0.0	0.0	0.0
97	H	f	0.0	0.0	0.0	0.0
98	D	g	0.0	0.0	0.0	0.0
99	D	a	0.0	0.0	0.0	0.0
100	Q	b	0.0	0.0	0.0	0.0
101	L	c	0.0	0.0	0.0	0.0
102	W	d	0.0	0.0	0.0	0.0
103	L	e	0.0	0.0	0.0	0.0
104	V	f	0.0	0.0	0.0	0.0
105	M	g	0.0	0.0	0.0	0.0
106	E	a	0.0	0.0	0.0	0.0
107	F	b	0.0	0.0	0.0	0.0
108	C	c	0.0	0.0	0.0	0.0
109	G	d	0.0	0.0	0.0	0.0
110	A	e	0.0	0.0	0.0	0.0
111	G	f	0.0	0.0	0.0	0.0
112	S	g	0.0	0.0	0.0	0.0
113	I	a	0.0	0.0	0.0	0.0
114	T	b	0.0	0.0	0.0	0.0
115	D	c	0.0	0.0	0.0	0.0
116	L	d	0.0	0.0	0.0	0.0
117	V	e	0.0	0.0	0.0	0.0
118	K	f	0.0	0.0	0.0	0.0
119	N	g	0.0	0.0	0.0	0.0
120	T	a	0.0	0.0	0.0	0.0
121	K	b	0.0	0.0	0.0	0.0
122	G	c	0.0	0.0	0.0	0.0
123	N	d	0.0	0.0	0.0	0.0
124	T	e	0.0	0.0	0.0	0.0
125	L	f	0.0	0.0	0.0	0.0
126	K	g	0.0	0.0	0.0	0.0
127	E	a	0.0	0.0	0.0	0.0
128	D	b	0.0	0.0	0.0	0.0
129	W	c	0.0	0.0	0.0	0.0
130	I	d	0.0	0.0	0.0	0.0
131	A	e	0.0	0.0	0.0	0.006
132	Y	f	0.0	0.0	0.0	0.0
133	I	g	0.0	0.0	0.0	0.0
134	S	a	0.0	0.0	0.0	0.0
135	R	b	0.0	0.0	0.0	0.0
136	E	c	0.0	0.0	0.0	0.0
137	I	d	0.0	0.0	0.0	0.0
138	L	e	0.0	0.0	0.0	0.0
139	R	f	0.0	0.0	0.0	0.0
140	G	g	0.0	0.0	0.0	0.0
141	L	a	0.0	0.0	0.0	0.0
142	A	b	0.0	0.0	0.0	0.0
143	H	c	0.0	0.0	0.0	0.0
144	L	d	0.0	0.0	0.0	0.0
145	H	e	0.0	0.0	0.0	0.0
146	I	f	0.0	0.0	0.0	0.0
147	H	g	0.0	0.0	0.0	0.0
148	H	a	0.0	0.0	0.0	0.0
149	V	b	0.0	0.0	0.0	0.0
150	I	c	0.0	0.0	0.0	0.0
151	H	d	0.0	0.0	0.0	0.0
152	R	e	0.0	0.0	0.0	0.0
153	D	f	0.0	0.0	0.0	0.0
154	I	g	0.0	0.0	0.0	0.0
155	K	a	0.0	0.0	0.0	0.0
156	G	b	0.0	0.0	0.0	0.0
157	Q	c	0.0	0.0	0.0	0.0
158	N	d	0.0	0.0	0.0	0.0
159	V	e	0.0	0.0	0.0	0.0
160	L	f	0.0	0.0	0.0	0.0
161	L	g	0.0	0.0	0.0	0.0
162	T	a	0.0	0.0	0.0	0.0
163	E	b	0.0	0.0	0.0	0.0
164	N	c	0.0	0.0	0.0	0.0
165	A	d	0.0	0.0	0.0	0.0
166	E	e	0.0	0.0	0.0	0.0
167	V	f	0.0	0.0	0.0	0.0
168	K	g	0.0	0.0	0.0	0.0
169	L	a	0.0	0.0	0.0	0.0
170	V	b	0.0	0.0	0.0	0.0
171	D	c	0.0	0.0	0.0	0.0
172	F	d	0.0	0.0	0.0	0.0
173	G	e	0.0	0.0	0.0	0.0
174	V	f	0.0	0.0	0.0	0.0
175	S	g	0.0	0.0	0.0	0.0
176	A	a	0.0	0.0	0.0	0.0
177	Q	b	0.0	0.0	0.0	0.0
178	L	c	0.0	0.0	0.0	0.0
179	D	d	0.0	0.0	0.0	0.0
180	R	e	0.0	0.0	0.0	0.0
181	T	f	0.0	0.0	0.0	0.0
182	V	g	0.0	0.0	0.0	0.0
183	G	a	0.0	0.0	0.0	0.0
184	R	b	0.0	0.0	0.0	0.0
185	R	c	0.0	0.0	0.0	0.0
186	N	d	0.0	0.0	0.0	0.0
187	T	e	0.0	0.0	0.0	0.0
188	F	f	0.0	0.0	0.0	0.0
189	I	g	0.0	0.0	0.0	0.0
190	G	a	0.0	0.0	0.0	0.0
191	T	b	0.0	0.0	0.0	0.0
192	P	c	0.0	0.0	0.0	0.0
193	Y	d	0.0	0.0	0.0	0.0
194	W	e	0.0	0.0	0.0	0.0
195	M	f	0.0	0.0	0.0	0.0
196	A	g	0.0	0.0	0.0	0.0
197	P	a	0.0	0.0	0.0	0.0
198	E	b	0.0	0.0	0.0	0.0
199	V	c	0.0	0.0	0.0	0.0
200	I	d	0.0	0.0	0.0	0.0
201	A	e	0.0	0.0	0.0	0.0
202	C	f	0.0	0.0	0.0	0.0
203	D	g	0.0	0.0	0.0	0.0
204	E	a	0.0	0.0	0.0	0.0
205	N	b	0.0	0.0	0.0	0.0
206	P	c	0.0	0.0	0.0	0.0
207	D	d	0.0	0.0	0.0	0.0
208	A	e	0.0	0.0	0.0	0.0
209	T	f	0.0	0.0	0.0	0.0
210	Y	g	0.0	0.0	0.0	0.0
211	D	a	0.0	0.0	0.0	0.0
212	Y	b	0.0	0.0	0.0	0.0
213	R	c	0.0	0.0	0.0	0.0
214	S	d	0.0	0.0	0.0	0.0
215	D	e	0.0	0.0	0.0	0.0
216	L	f	0.0	0.0	0.0	0.0
217	W	g	0.0	0.0	0.0	0.0
218	S	a	0.0	0.0	0.0	0.0
219	C	b	0.0	0.0	0.0	0.0
220	G	c	0.0	0.0	0.0	0.0
221	I	d	0.0	0.0	0.0	0.0
222	T	e	0.0	0.0	0.0	0.0
223	A	f	0.0	0.0	0.0	0.0
224	I	g	0.0	0.0	0.0	0.0
225	E	a	0.0	0.0	0.0	0.0
226	M	b	0.0	0.0	0.0	0.0
227	A	c	0.0	0.0	0.0	0.0
228	E	d	0.0	0.0	0.0	0.0
229	G	e	0.0	0.0	0.0	0.0
230	A	f	0.0	0.0	0.0	0.0
231	P	g	0.0	0.0	0.0	0.0
232	P	a	0.0	0.0	0.0	0.0
233	L	b	0.0	0.0	0.0	0.0
234	C	c	0.0	0.0	0.0	0.0
235	D	d	0.0	0.0	0.0	0.0
236	M	e	0.0	0.0	0.0	0.0
237	H	f	0.0	0.0	0.0	0.0
238	P	g	0.0	0.0	0.0	0.0
239	M	a	0.0	0.0	0.0	0.0
240	R	b	0.0	0.0	0.0	0.0
241	A	c	0.0	0.0	0.0	0.0
242	L	d	0.0	0.0	0.0	0.0
243	F	e	0.0	0.0	0.0	0.0
244	L	f	0.0	0.0	0.0	0.0
245	I	g	0.0	0.0	0.0	0.0
246	P	a	0.0	0.0	0.0	0.0
247	R	b	0.0	0.0	0.0	0.0
248	N	c	0.0	0.0	0.0	0.0
249	P	d	0.0	0.0	0.0	0.0
250	P	e	0.0	0.0	0.0	0.0
251	P	f	0.0	0.0	0.0	0.0
252	R	g	0.0	0.0	0.0	0.0
253	L	a	0.0	0.0	0.0	0.0
254	K	b	0.0	0.0	0.0	0.0
255	S	c	0.0	0.0	0.0	0.0
256	K	d	0.0	0.0	0.0	0.0
257	K	e	0.0	0.0	0.0	0.0
258	W	f	0.0	0.0	0.0	0.0
259	S	g	0.0	0.0	0.0	0.0
260	K	a	0.0	0.0	0.0	0.0
261	K	b	0.0	0.0	0.0	0.0
262	F	c	0.0	0.0	0.0	0.0
263	F	d	0.0	0.0	0.0	0.0
264	S	e	0.0	0.0	0.0	0.0
265	F	f	0.0	0.0	0.0	0.0
266	I	g	0.0	0.0	0.0	0.0
267	E	a	0.0	0.0	0.0	0.0
268	G	b	0.0	0.0	0.0	0.0
269	C	c	0.0	0.0	0.0	0.0
270	L	d	0.0	0.0	0.0	0.0
271	V	e	0.0	0.0	0.0	0.0
272	K	f	0.0	0.0	0.0	0.0
273	N	g	0.0	0.0	0.0	0.0
274	Y	a	0.0	0.0	0.0	0.0
275	M	b	0.0	0.0	0.0	0.0
276	Q	c	0.0	0.0	0.0	0.0
277	R	d	0.0	0.0	0.0	0.0
278	P	e	0.0	0.0	0.0	0.0
279	S	f	0.0	0.0	0.0	0.0
280	T	g	0.0	0.0	0.0	0.0
281	E	a	0.0	0.0	0.0	0.0
282	Q	b	0.0	0.0	0.0	0.0
283	L	c	0.0	0.0	0.0	0.0
284	L	d	0.0	0.0	0.0	0.0
285	K	e	0.0	0.0	0.0	0.0
286	H	f	0.0	0.0	0.0	0.0
287	P	g	0.0	0.0	0.0	0.0
288	F	a	0.0	0.0	0.0	0.0
289	I	b	0.0	0.0	0.0	0.0
290	R	c	0.0	0.0	0.0	0.0
291	D	d	0.0	0.0	0.0	0.0
292	Q	e	0.0	0.0	0.0	0.0
293	P	f	0.0	0.0	0.0	0.0
294	N	g	0.0	0.0	0.0	0.0
295	E	a	0.0	0.0	0.0	0.0
296	R	b	0.0031	0.0	0.0	0.0
297	Q	c	0.0099	0.0	0.0	0.0
298	V	d	0.0065	0.0	0.0119	0.0
299	R	e	0.0031	0.0	0.0357	0.0119
300	I	f	0.0082	0.0202	0.0357	0.0119
301	Q	g	0.0133	0.0292	0.0397	0.0
302	L	a	0.0065	0.0173	0.0627	0.1131
303	K	b	0.0	0.0351	0.0746	0.1131
304	D	c	0.0	0.047	0.0786	0.0893
305	H	d	0.0	0.056	0.0865	0.0774
306	I	e	0.0	0.0649	0.0865	0.094
307	D	f	0.0	0.0649	0.0865	0.1238
308	R	g	0.0	0.0589	0.0865	0.1417
309	T	a	0.0	0.0708	0.0865	0.1179
310	R	b	0.0	0.0649	0.0944	0.1179
311	K	c	0.0	0.053	0.0944	0.1536
312	K	d	0.0	0.053	0.0865	0.131
313	R	e	0.0	0.0411	0.0786	0.1131
314	G	f	0.0	0.047	0.0865	0.1131
315	E	g	0.0	0.047	0.0714	0.1131
316	K	a	0.0	0.047	0.0437	0.0238
317	D	b	0.0	0.047	0.0437	0.0119
318	E	c	0.0	0.044	0.0437	0.0119
319	T	d	0.0	0.0238	0.0	0.0238
320	E	e	0.0	0.0208	0.0	0.0
321	Y	f	0.0	0.0208	0.0	0.0
322	E	g	0.0	0.003	0.0	0.0
323	Y	a	0.0	0.0	0.0	0.0
324	S	b	0.0	0.0	0.0	0.0
325	G	c	0.0	0.0	0.0	0.0
326	S	d	0.0	0.0	0.0	0.0
327	E	e	0.0	0.0	0.0	0.0
328	E	f	0.0	0.0	0.0	0.0
329	E	g	0.0	0.0	0.0	0.0
330	E	a	0.0	0.0	0.0	0.0
331	E	b	0.0	0.0	0.0	0.0
332	E	c	0.0	0.0	0.0	0.0
333	V	d	0.0	0.0	0.0	0.0
334	P	e	0.0	0.0	0.0	0.0
335	E	f	0.0	0.0	0.0	0.0
336	Q	g	0.0	0.0	0.0	0.0
337	E	a	0.0	0.0	0.0	0.0
338	G	b	0.0	0.0	0.0	0.0
339	E	c	0.0	0.0	0.0	0.0
340	P	d	0.0	0.0	0.0	0.0
341	S	e	0.0	0.0	0.0	0.0
342	S	f	0.0	0.0	0.0	0.0
343	I	g	0.0	0.0	0.0	0.0
344	V	a	0.0	0.0	0.0	0.0
345	N	b	0.0	0.0	0.0	0.0
346	V	c	0.0	0.0	0.0	0.0
347	P	d	0.0	0.0	0.0	0.0
348	G	e	0.0	0.0	0.0	0.0
349	E	f	0.0	0.0	0.0	0.0
350	S	g	0.0	0.0	0.0	0.0
351	T	a	0.0	0.0	0.0	0.0
352	L	b	0.0	0.0	0.0	0.0
353	R	c	0.0	0.0	0.0	0.0
354	R	d	0.0	0.0	0.0	0.0
355	D	e	0.0051	0.0	0.0357	0.0
356	F	f	0.0136	0.0625	0.0595	0.0286
357	L	g	0.0221	0.0685	0.0635	0.119
358	R	a	0.0187	0.0685	0.0635	0.0952
359	L	b	0.0442	0.0833	0.1468	0.119
360	Q	c	0.0544	0.0982	0.1706	0.125
361	Q	d	0.0578	0.0982	0.1548	0.1429
362	E	e	0.0816	0.1042	0.1548	0.1429
363	N	f	0.0952	0.122	0.1548	0.2321
364	K	g	0.0986	0.1339	0.1627	0.2321
365	E	a	0.0986	0.122	0.1706	0.244
366	R	b	0.1105	0.1339	0.1706	0.244
367	S	c	0.1156	0.1399	0.1627	0.1726
368	E	d	0.1156	0.1518	0.1706	0.1726
369	A	e	0.1241	0.1518	0.1865	0.1845
370	L	f	0.1361	0.1964	0.1468	0.1726
371	R	g	0.148	0.1905	0.1548	0.1488
372	R	a	0.148	0.1964	0.1548	0.1488
373	Q	b	0.1616	0.2351	0.2063	0.1012
374	Q	c	0.1837	0.2143	0.1905	0.1071
375	L	d	0.1769	0.2083	0.1905	0.1131
376	L	e	0.1769	0.2083	0.1944	0.1131
377	Q	f	0.182	0.2054	0.2103	0.1607
378	E	g	0.1888	0.2024	0.1984	0.1488
379	Q	a	0.1888	0.2024	0.1984	0.1488
380	Q	b	0.1888	0.1667	0.1746	0.2262
381	L	c	0.1973	0.1696	0.1786	0.256
382	R	d	0.2007	0.1875	0.1786	0.244
383	E	e	0.2075	0.1875	0.1786	0.2321
384	Q	f	0.2092	0.1726	0.1865	0.2381
385	E	g	0.2156	0.1935	0.2143	0.256
386	E	a	0.2156	0.1935	0.2063	0.256
387	Y	b	0.2361	0.1935	0.2143	0.2369
388	K	c	0.2636	0.2024	0.25	0.2369
389	R	d	0.267	0.2083	0.25	0.2667
390	Q	e	0.25	0.2024	0.2373	0.2667
391	L	f	0.2565	0.2024	0.2413	0.1488
392	L	g	0.2616	0.2232	0.2413	0.2024
393	A	a	0.2701	0.2232	0.2413	0.2024
394	E	b	0.2582	0.2256	0.1548	0.1607
395	R	c	0.2735	0.2583	0.1825	0.1488
396	Q	d	0.2769	0.2637	0.1825	0.1726
397	K	e	0.2973	0.2637	0.1706	0.1726
398	R	f	0.3037	0.2405	0.2024	0.1667
399	I	g	0.3071	0.3006	0.2254	0.1905
400	E	a	0.3071	0.3065	0.2254	0.1905
401	Q	b	0.3173	0.2917	0.277	0.2143
402	Q	c	0.3173	0.2911	0.3452	0.2798
403	K	d	0.3293	0.3089	0.3532	0.2607
404	E	e	0.3272	0.3238	0.3611	0.2607
405	Q	f	0.3289	0.3208	0.3722	0.3321
406	R	g	0.3337	0.3446	0.3603	0.3988
407	R	a	0.3592	0.3506	0.3802	0.4107
408	R	b	0.3303	0.3863	0.3722	0.4226
409	L	c	0.3303	0.3917	0.3802	0.4333
410	E	d	0.3646	0.3768	0.3881	0.481
411	E	e	0.3578	0.3827	0.4357	0.5107
412	Q	f	0.3684	0.3946	0.4389	0.5107
413	Q	g	0.3837	0.3679	0.4627	0.4988
414	R	a	0.399	0.3887	0.4706	0.5107
415	R	b	0.3939	0.3946	0.4944	0.5536
416	E	c	0.3969	0.3946	0.4429	0.456
417	R	d	0.4224	0.4208	0.4706	0.4143
418	E	e	0.4224	0.4655	0.4595	0.4262
419	A	f	0.431	0.4798	0.3913	0.431
420	R	g	0.4381	0.4411	0.3746	0.3798
421	R	a	0.45	0.5012	0.4341	0.4095
422	Q	b	0.4687	0.4958	0.4325	0.4095
423	Q	c	0.4789	0.469	0.3984	0.356
424	E	d	0.4871	0.4631	0.4706	0.356
425	R	e	0.5139	0.4899	0.4746	0.4155
426	E	f	0.5432	0.4685	0.4714	0.444
427	Q	g	0.5568	0.4571	0.4802	0.4143
428	R	a	0.5776	0.4958	0.496	0.5226
429	R	b	0.5895	0.4899	0.4881	0.4786
430	R	c	0.5908	0.475	0.4873	0.4869
431	E	d	0.5942	0.494	0.5389	0.5167
432	Q	e	0.6095	0.5	0.4976	0.5583
433	E	f	0.6007	0.5387	0.4865	0.506
434	E	g	0.5905	0.5685	0.523	0.5345
435	K	a	0.5973	0.5768	0.5429	0.5393
436	R	b	0.6037	0.5929	0.5675	0.5274
437	R	c	0.5959	0.6238	0.627	0.5464
438	L	d	0.5925	0.6298	0.5897	0.5512
439	E	e	0.5939	0.6601	0.6444	0.5417
440	E	f	0.5786	0.6607	0.7095	0.5476
441	L	g	0.5704	0.7018	0.681	0.6369
442	E	a	0.5619	0.6655	0.6984	0.631
443	R	b	0.584	0.7006	0.6786	0.7071
444	R	c	0.5755	0.7339	0.7333	0.7607
445	R	d	0.5687	0.7095	0.6897	0.6952
446	K	e	0.5578	0.6958	0.7611	0.719
447	E	f	0.5667	0.7107	0.7762	0.8155
448	E	g	0.5701	0.7226	0.7286	0.831
449	E	a	0.5667	0.6839	0.7087	0.7488
450	E	b	0.5891	0.6833	0.7524	0.8738
451	R	c	0.5942	0.6589	0.781	0.8738
452	R	d	0.5735	0.6357	0.7214	0.825
453	R	e	0.5735	0.6089	0.7325	0.7548
454	A	f	0.5823	0.6536	0.6817	0.7262
455	E	g	0.5633	0.6417	0.6373	0.7202
456	E	a	0.5452	0.5911	0.6063	0.6964
457	E	b	0.5452	0.603	0.6063	0.6286
458	K	c	0.5452	0.6006	0.5548	0.5571
459	R	d	0.5197	0.5792	0.531	0.4976
460	R	e	0.5146	0.556	0.4905	0.4202
461	V	f	0.4956	0.5768	0.4905	0.425
462	E	g	0.4857	0.547	0.4667	0.3786
463	R	a	0.4704	0.5411	0.4151	0.3548
464	E	b	0.4755	0.5048	0.446	0.3321
465	Q	c	0.4704	0.4869	0.427	0.3369
466	E	d	0.4449	0.4571	0.427	0.3381
467	Y	e	0.4449	0.4125	0.404	0.3095
468	I	f	0.4214	0.3881	0.3833	0.375
469	R	g	0.4024	0.3649	0.3683	0.369
470	R	a	0.3891	0.353	0.3413	0.381
471	Q	b	0.367	0.3298	0.3214	0.381
472	L	c	0.3517	0.2875	0.3056	0.381
473	E	d	0.3449	0.2821	0.2976	0.381
474	E	e	0.3259	0.2679	0.2897	0.369
475	E	f	0.3003	0.244	0.254	0.3036
476	Q	g	0.3088	0.2351	0.2619	0.3036
477	R	a	0.2867	0.2351	0.2619	0.3036
478	H	b	0.266	0.2292	0.2063	0.2369
479	L	c	0.2714	0.2083	0.2103	0.1548
480	E	d	0.2731	0.2083	0.2183	0.1429
481	V	e	0.2684	0.2083	0.1738	0.1429
482	L	f	0.2507	0.1637	0.127	0.1131
483	Q	g	0.2442	0.1756	0.1111	0.0655
484	Q	a	0.2395	0.1815	0.1111	0.0536
485	Q	b	0.248	0.1571	0.0873	0.0417
486	L	c	0.2412	0.1161	0.0675	0.0357
487	L	d	0.2378	0.1488	0.0595	0.0357
488	Q	e	0.2344	0.1488	0.0635	0.0476
489	E	f	0.219	0.131	0.0516	0.0238
490	Q	g	0.2224	0.1369	0.1111	0.0476
491	A	a	0.2224	0.1399	0.119	0.0595
492	M	b	0.1986	0.1488	0.1032	0.0774
493	L	c	0.2003	0.1512	0.1468	0.0774
494	L	d	0.2037	0.1512	0.1667	0.1548
495	E	e	0.1847	0.1631	0.1865	0.1548
496	C	f	0.1646	0.1929	0.2016	0.1488
497	R	g	0.1544	0.1929	0.1937	0.2083
498	W	a	0.151	0.1929	0.2016	0.2262
499	R	b	0.1408	0.1929	0.2532	0.256
500	E	c	0.1255	0.1929	0.2492	0.2667
501	M	d	0.1221	0.1929	0.2413	0.2667
502	E	e	0.1187	0.1929	0.2413	0.2786
503	E	f	0.1136	0.1929	0.2333	0.3619
504	H	g	0.1119	0.1929	0.2413	0.2952
505	R	a	0.1102	0.1929	0.2413	0.2833
506	Q	b	0.0983	0.1929	0.2452	0.2655
507	A	c	0.0932	0.1929	0.2048	0.2655
508	E	d	0.0864	0.1869	0.2048	0.2262
509	R	e	0.0864	0.181	0.1929	0.2262
510	L	f	0.0762	0.181	0.2008	0.2321
511	Q	g	0.0728	0.1476	0.1587	0.2083
512	R	a	0.0677	0.1476	0.1508	0.1905
513	Q	b	0.066	0.1387	0.1508	0.1179
514	L	c	0.0541	0.1387	0.131	0.0714
515	Q	d	0.0439	0.1101	0.119	0.0595
516	Q	e	0.0337	0.1012	0.0706	0.0357
517	E	f	0.0201	0.0923	0.0317	0.0
518	Q	g	0.0099	0.0685	0.0278	0.0
519	A	a	0.0	0.0417	0.0079	0.0119
520	Y	b	0.0	0.0054	0.0	0.0119
521	L	c	0.0	0.0	0.0	0.0119
522	L	d	0.0	0.0	0.0	0.0
523	S	e	0.0	0.0	0.0	0.0
524	L	f	0.0	0.0	0.0	0.0
525	Q	g	0.0	0.0	0.0	0.0
526	H	a	0.0	0.0	0.0	0.0
527	D	b	0.0	0.0	0.0	0.0
528	H	c	0.0	0.0	0.0	0.0
529	R	d	0.0	0.0	0.0	0.0
530	R	e	0.0	0.0	0.0	0.0
531	P	f	0.0	0.0	0.0	0.0
532	H	g	0.0	0.0	0.0	0.0
533	P	a	0.0	0.0	0.0	0.0
534	Q	b	0.0	0.0	0.0	0.0
535	H	c	0.0	0.0	0.0	0.0
536	S	d	0.0	0.0	0.0	0.0
537	Q	e	0.0	0.0	0.0	0.0
538	Q	f	0.0	0.0	0.0	0.0
539	P	g	0.0	0.0	0.0	0.0
540	P	a	0.0	0.0	0.0	0.0
541	P	b	0.0	0.0	0.0	0.0
542	P	c	0.0	0.0	0.0	0.0
543	Q	d	0.0	0.0	0.0	0.0
544	Q	e	0.0	0.0	0.0	0.0
545	E	f	0.0	0.0	0.0	0.0
546	R	g	0.0	0.0	0.0	0.0
547	S	a	0.0	0.0	0.0	0.0
548	K	b	0.0	0.0	0.0	0.0
549	P	c	0.0	0.0	0.0	0.0
550	S	d	0.0	0.0	0.0	0.0
551	F	e	0.0	0.0	0.0	0.0
552	H	f	0.0	0.0	0.0	0.0
553	A	g	0.0	0.0	0.0	0.0
554	P	a	0.0	0.0	0.0	0.0
555	E	b	0.0	0.0	0.0	0.0
556	P	c	0.0	0.0	0.0	0.0
557	K	d	0.0	0.0054	0.0	0.0
558	A	e	0.0	0.0351	0.0317	0.006
559	H	f	0.0	0.05	0.0508	0.0179
560	Y	g	0.0	0.05	0.0429	0.0536
561	E	a	0.0	0.05	0.0825	0.0655
562	P	b	0.0	0.0589	0.1024	0.0893
563	A	c	0.0	0.0589	0.1143	0.1536
564	D	d	0.0	0.0589	0.1143	0.1357
565	R	e	0.0099	0.0768	0.1063	0.1952
566	A	f	0.0133	0.0798	0.1302	0.1583
567	R	g	0.0235	0.0887	0.1262	0.1464
568	E	a	0.0235	0.0887	0.15	0.1583
569	V	b	0.015	0.0649	0.1095	0.1524
570	E	c	0.0099	0.1185	0.1016	0.1238
571	D	d	0.0	0.1214	0.1095	0.1595
572	R	e	0.0	0.1393	0.0817	0.1476
573	F	f	0.0	0.106	0.1103	0.1417
574	R	g	0.0	0.094	0.1421	0.119
575	K	a	0.0	0.1	0.1341	0.1071
576	T	b	0.0	0.097	0.1262	0.0357
577	N	c	0.0	0.0708	0.1032	0.0833
578	H	d	0.0	0.0887	0.0952	0.1071
579	S	e	0.0	0.0649	0.0714	0.0833
580	S	f	0.0031	0.044	0.0397	0.0536
581	P	g	0.0014	0.0238	0.0476	0.0417
582	E	a	0.0116	0.0	0.0079	0.0417
583	A	b	0.0	0.0	0.0	0.0417
584	Q	c	0.0	0.0	0.0	0.0179
585	S	d	0.0	0.0	0.0	0.0179
586	K	e	0.0	0.0	0.0	0.0
587	Q	f	0.0	0.0	0.0	0.0
588	T	g	0.0	0.0	0.0	0.0
589	G	a	0.0	0.0	0.0	0.0
590	R	b	0.0	0.0	0.0	0.0
591	V	c	0.0	0.0	0.0	0.0
592	L	d	0.0	0.0	0.0	0.0
593	E	e	0.0	0.0	0.0	0.0
594	P	f	0.0	0.0	0.0	0.0
595	P	g	0.0	0.0	0.0	0.0
596	V	a	0.0	0.0	0.0	0.0
597	P	b	0.0	0.0	0.0	0.0
598	S	c	0.0	0.0	0.0	0.0
599	R	d	0.0	0.0	0.0	0.0
600	S	e	0.0	0.0	0.0	0.0
601	E	f	0.0	0.0	0.0	0.0
602	S	g	0.0	0.0	0.0	0.0
603	F	a	0.0	0.0	0.0	0.0
604	S	b	0.0	0.0	0.0	0.0
605	N	c	0.0	0.0	0.0	0.0
606	G	d	0.0	0.0	0.0	0.0
607	N	e	0.0	0.0	0.0	0.0
608	S	f	0.0	0.0	0.0	0.0
609	E	g	0.0	0.0	0.0	0.0
610	S	a	0.0	0.0	0.0	0.0
611	V	b	0.0	0.0	0.0	0.0
612	H	c	0.0	0.0	0.0	0.0
613	P	d	0.0	0.0	0.0	0.0
614	A	e	0.0	0.0	0.0	0.0
615	L	f	0.0	0.0	0.0	0.0
616	Q	g	0.0	0.0	0.0	0.0
617	R	a	0.0	0.0	0.0	0.0
618	P	b	0.0	0.0	0.0	0.0
619	A	c	0.0	0.0	0.0	0.0
620	E	d	0.0	0.0	0.0	0.0
621	P	e	0.0	0.0	0.0	0.0
622	Q	f	0.0	0.0	0.0	0.0
623	V	g	0.0	0.0	0.0	0.0
624	P	a	0.0	0.0	0.0	0.0
625	V	b	0.0	0.0	0.0	0.0
626	R	c	0.0	0.0	0.0	0.0
627	T	d	0.0	0.0	0.0	0.0
628	T	e	0.0	0.0	0.0	0.0
629	S	f	0.0	0.0	0.0	0.0
630	R	g	0.0	0.0	0.0	0.0
631	S	a	0.0	0.0	0.0	0.0
632	P	b	0.0	0.0	0.0	0.0
633	V	c	0.0	0.0	0.0	0.0
634	L	d	0.0	0.0	0.0	0.0
635	S	e	0.0	0.0	0.0	0.0
636	R	f	0.0	0.0	0.0	0.0
637	R	g	0.0	0.0	0.0	0.0
638	D	a	0.0	0.0	0.0	0.0
639	S	b	0.0	0.0	0.0	0.0
640	P	c	0.0	0.0	0.0	0.0
641	L	d	0.0	0.0	0.0	0.0
642	Q	e	0.0	0.0	0.0	0.0
643	G	f	0.0	0.0	0.0	0.0
644	S	g	0.0	0.0	0.0	0.0
645	G	a	0.0	0.0	0.0	0.0
646	Q	b	0.0	0.0	0.0	0.0
647	Q	c	0.0	0.0	0.0	0.0
648	N	d	0.0	0.0	0.0	0.0
649	S	e	0.0	0.0	0.0	0.0
650	Q	f	0.0	0.0	0.0	0.0
651	A	g	0.0	0.0	0.0	0.0
652	G	a	0.0	0.0	0.0	0.0
653	Q	b	0.0	0.0	0.0	0.0
654	R	c	0.0	0.0	0.0	0.0
655	N	d	0.0	0.0	0.0	0.0
656	S	e	0.0	0.0	0.0	0.0
657	T	f	0.0	0.0	0.0198	0.0
658	S	g	0.0	0.0	0.0198	0.0
659	I	a	0.0	0.0	0.0	0.0
660	E	b	0.0	0.0	0.0	0.0
661	P	c	0.0	0.0	0.0	0.0357
662	R	d	0.0	0.0	0.0	0.0357
663	L	e	0.0	0.0	0.0	0.0119
664	L	f	0.0	0.0	0.0	0.0
665	W	g	0.0	0.0	0.0	0.0
666	E	a	0.0	0.0	0.0	0.0
667	R	b	0.0	0.0	0.0	0.0
668	V	c	0.0	0.0	0.0	0.0
669	E	d	0.0	0.0	0.0	0.0
670	K	e	0.0	0.0	0.0	0.0
671	L	f	0.0	0.0	0.0	0.0
672	V	g	0.0	0.0	0.0	0.0
673	P	a	0.0	0.0	0.0	0.0
674	R	b	0.0	0.0	0.0	0.0
675	P	c	0.0	0.0	0.0	0.0
676	G	d	0.0	0.0	0.0	0.0
677	S	e	0.0	0.0	0.0	0.0
678	G	f	0.0	0.0	0.0	0.0
679	S	g	0.0	0.0	0.0	0.0
680	S	a	0.0	0.0	0.0	0.0
681	S	b	0.0	0.0	0.0	0.0
682	G	c	0.0	0.0	0.0	0.0
683	S	d	0.0	0.0	0.0	0.0
684	S	e	0.0	0.0	0.0	0.0
685	N	f	0.0	0.0	0.0	0.0
686	S	g	0.0	0.0	0.0	0.0
687	G	a	0.0	0.0	0.0	0.0
688	S	b	0.0	0.0	0.0	0.0
689	Q	c	0.0	0.0	0.0	0.0
690	P	d	0.0	0.0	0.0	0.0
691	G	e	0.0	0.0	0.0	0.0
692	S	f	0.0	0.0	0.0	0.0
693	H	g	0.0	0.0	0.0	0.0
694	P	a	0.0	0.0	0.0	0.0
695	G	b	0.0	0.0	0.0	0.0
696	S	c	0.0	0.0	0.0	0.0
697	Q	d	0.0	0.0	0.0	0.0
698	S	e	0.0	0.0	0.0	0.0
699	G	f	0.0	0.0	0.0	0.0
700	S	g	0.0	0.0	0.0	0.0
701	G	a	0.0	0.0	0.0	0.0
702	E	b	0.0	0.0	0.0	0.0
703	R	c	0.0	0.0	0.0	0.0
704	F	d	0.0	0.0	0.0	0.0
705	R	e	0.0	0.0	0.0	0.0
706	V	f	0.0	0.0	0.0	0.0
707	R	g	0.0	0.0	0.0	0.0
708	S	a	0.0	0.0	0.0	0.0
709	S	b	0.0	0.0	0.0	0.0
710	S	c	0.0	0.0	0.0	0.0
711	K	d	0.0	0.0	0.0	0.0
712	S	e	0.0	0.0	0.0	0.0
713	E	f	0.0	0.0	0.0	0.0
714	G	g	0.0	0.0	0.0	0.0
715	S	a	0.0	0.0	0.0	0.0
716	P	b	0.0	0.0	0.0	0.0
717	S	c	0.0	0.0	0.0	0.0
718	Q	d	0.0	0.0	0.0	0.0
719	R	e	0.0	0.0	0.0	0.0
720	L	f	0.0	0.0	0.0	0.0
721	E	g	0.0	0.0	0.0	0.0
722	N	a	0.0	0.0	0.0	0.0
723	A	b	0.0	0.0	0.0	0.0238
724	V	c	0.0	0.0	0.0	0.0238
725	K	d	0.0	0.0	0.0	0.0595
726	K	e	0.0	0.0	0.0	0.0595
727	P	f	0.0	0.0	0.0	0.0476
728	E	g	0.0	0.0	0.0	0.0119
729	D	a	0.0	0.0	0.0	0.006
730	K	b	0.0	0.0	0.0	0.0
731	K	c	0.0	0.0	0.0	0.0
732	E	d	0.0	0.0	0.0	0.0
733	V	e	0.0	0.0	0.0	0.0
734	F	f	0.0	0.0	0.0	0.0
735	R	g	0.0	0.0	0.0	0.0
736	P	a	0.0	0.0	0.0	0.0
737	L	b	0.0	0.0	0.0	0.0
738	K	c	0.0	0.0	0.0	0.0
739	P	d	0.0	0.0	0.0	0.0
740	A	e	0.0	0.0	0.0	0.0
741	D	f	0.0	0.0	0.0	0.0
742	L	g	0.0	0.0	0.0	0.0
743	T	a	0.0	0.0	0.0	0.0
744	A	b	0.0	0.0	0.0	0.0
745	L	c	0.0	0.0	0.0	0.0417
746	A	d	0.0	0.0	0.0	0.0476
747	K	e	0.0	0.0	0.0	0.0238
748	E	f	0.0	0.0	0.0	0.0595
749	L	g	0.0	0.0	0.0	0.0119
750	R	a	0.0	0.0	0.0	0.0
751	A	b	0.0	0.0	0.0	0.0
752	V	c	0.0	0.0	0.0	0.0
753	E	d	0.0	0.0	0.0	0.0
754	D	e	0.0	0.0	0.0	0.0
755	V	f	0.0	0.0	0.0	0.0
756	R	g	0.0	0.0	0.0	0.0
757	P	a	0.0	0.0	0.0	0.0
758	P	b	0.0	0.0	0.0	0.0
759	H	c	0.0	0.0	0.0	0.0
760	K	d	0.0	0.0	0.0	0.0
761	V	e	0.0	0.0	0.0	0.0
762	T	f	0.0	0.0	0.0	0.0
763	D	g	0.0	0.0	0.0	0.0
764	Y	a	0.0	0.0	0.0	0.0
765	S	b	0.0	0.0	0.0	0.0
766	S	c	0.0	0.0	0.0	0.0
767	S	d	0.0	0.0	0.0	0.0
768	S	e	0.0	0.0	0.0	0.0
769	E	f	0.0	0.0	0.0	0.0
770	E	g	0.0	0.0	0.0	0.0
771	S	a	0.0	0.0	0.0	0.0
772	G	b	0.0	0.0	0.0	0.0
773	T	c	0.0	0.0	0.0	0.0
774	T	d	0.0	0.0	0.0	0.0
775	D	e	0.0	0.0	0.0	0.0
776	E	f	0.0	0.0	0.0	0.0
777	E	g	0.0	0.0	0.0	0.0
778	D	a	0.0	0.0	0.0	0.0
779	D	b	0.0	0.0	0.0	0.0
780	D	c	0.0	0.0	0.0	0.0
781	V	d	0.0	0.0	0.0	0.0
782	E	e	0.0	0.0	0.0	0.0
783	Q	f	0.0	0.0	0.0	0.0
784	E	g	0.0	0.0	0.0	0.0
785	G	a	0.0	0.0	0.0	0.0
786	A	b	0.0	0.0	0.0	0.0
787	D	c	0.0	0.0	0.0	0.0
788	E	d	0.0	0.0	0.0	0.0
789	S	e	0.0	0.0	0.0	0.0
790	T	f	0.0	0.0	0.0	0.0
791	S	g	0.0	0.0	0.0	0.0
792	G	a	0.0	0.0	0.0	0.0
793	P	b	0.0	0.0	0.0	0.0
794	E	c	0.0	0.0	0.0	0.0
795	D	d	0.0	0.0	0.0	0.0
796	T	e	0.0	0.0	0.0	0.0
797	R	f	0.0	0.0	0.0	0.0
798	A	g	0.0	0.0	0.0	0.0
799	A	a	0.0	0.0	0.0	0.0
800	S	b	0.0	0.0	0.0	0.0
801	S	c	0.0	0.0	0.0	0.0119
802	L	d	0.0	0.0	0.0	0.0238
803	N	e	0.0	0.0	0.0	0.0
804	L	f	0.0	0.0	0.0	0.0
805	S	g	0.0	0.0	0.0119	0.006
806	N	a	0.0	0.0	0.0	0.006
807	G	b	0.0	0.0	0.0	0.0
808	E	c	0.0	0.0	0.0	0.0
809	T	d	0.0	0.006	0.0	0.0
810	E	e	0.0	0.0	0.0	0.0
811	S	f	0.0	0.0	0.0	0.0
812	V	g	0.0	0.0	0.0	0.0
813	K	a	0.0	0.0	0.0	0.0
814	T	b	0.0	0.0	0.0	0.0
815	M	c	0.0	0.0	0.0	0.0
816	I	d	0.0	0.0	0.0	0.0
817	V	e	0.0	0.0	0.0	0.0
818	H	f	0.0	0.0	0.0	0.0
819	D	g	0.0	0.0	0.0	0.0
820	D	a	0.0	0.0	0.0	0.0
821	V	b	0.0	0.0	0.0	0.0
822	E	c	0.0	0.0	0.0	0.0
823	S	d	0.0	0.0	0.0	0.0
824	E	e	0.0	0.0	0.0	0.0
825	P	f	0.0	0.0	0.0	0.0
826	A	g	0.0	0.0	0.0	0.0
827	M	a	0.0	0.0	0.0	0.0
828	T	b	0.0	0.0	0.0	0.0
829	P	c	0.0	0.0	0.0	0.0
830	S	d	0.0	0.0	0.0	0.0
831	K	e	0.0	0.0	0.0	0.0
832	E	f	0.0	0.0	0.0	0.0
833	G	g	0.0	0.0	0.0	0.0
834	T	a	0.0	0.0	0.0	0.0
835	L	b	0.0	0.0	0.0	0.0
836	I	c	0.0	0.0	0.0	0.0
837	V	d	0.0	0.0	0.0	0.0
838	R	e	0.0	0.0	0.0	0.0
839	Q	f	0.0	0.0	0.0	0.0
840	T	g	0.0	0.0	0.0	0.0
841	Q	a	0.0	0.0	0.0	0.0
842	S	b	0.0	0.0	0.0	0.0179
843	A	c	0.0	0.0	0.0	0.0179
844	S	d	0.0	0.0	0.0	0.0179
845	S	e	0.0	0.0	0.0119	0.0179
846	T	f	0.0	0.0	0.0119	0.0179
847	L	g	0.0	0.0	0.0	0.0179
848	Q	a	0.0	0.0	0.0	0.0119
849	K	b	0.0	0.0	0.0	0.0119
850	H	c	0.0	0.0	0.0	0.0119
851	K	d	0.0	0.0	0.0	0.0
852	S	e	0.0	0.0	0.0	0.0
853	S	f	0.0	0.0	0.0	0.0
854	S	g	0.0	0.0	0.0	0.0
855	S	a	0.0	0.0	0.0	0.0
856	F	b	0.0	0.0	0.0	0.0
857	T	c	0.0	0.0	0.0	0.0
858	P	d	0.0	0.0	0.0	0.0
859	F	e	0.0	0.0	0.0	0.0
860	I	f	0.0	0.0	0.0	0.0
861	D	g	0.0	0.0	0.0	0.0
862	P	a	0.0	0.0	0.0	0.0
863	R	b	0.0	0.0	0.0	0.0
864	L	c	0.0	0.0	0.0	0.0
865	L	d	0.0	0.0	0.0	0.0
866	Q	e	0.0	0.0	0.0	0.0
867	I	f	0.0	0.0	0.0	0.0
868	S	g	0.0	0.0	0.0	0.0
869	P	a	0.0	0.0	0.0	0.0
870	S	b	0.0	0.0	0.0	0.0
871	S	c	0.0	0.0	0.0	0.0
872	G	d	0.0	0.0	0.0	0.0
873	T	e	0.0	0.0	0.0	0.0
874	T	f	0.0	0.0	0.0	0.0
875	V	g	0.0	0.0	0.0	0.0
876	T	a	0.0	0.0	0.0	0.0
877	S	b	0.0	0.0	0.0	0.0
878	V	c	0.0	0.0	0.0	0.0
879	V	d	0.0	0.0	0.0	0.0
880	G	e	0.0	0.0	0.0	0.0
881	F	f	0.0	0.0	0.0	0.0
882	S	g	0.0	0.0	0.0	0.0
883	C	a	0.0	0.0	0.0	0.0
884	D	b	0.0	0.0	0.0	0.0
885	G	c	0.0	0.0	0.0	0.0
886	M	d	0.0	0.0	0.0	0.0
887	R	e	0.0	0.0	0.0	0.0
888	P	f	0.0	0.0	0.0	0.0
889	E	g	0.0	0.0	0.0	0.0
890	A	a	0.0	0.0	0.0	0.0
891	I	b	0.0	0.0	0.0	0.0
892	R	c	0.0	0.0	0.0	0.0
893	Q	d	0.0	0.0	0.0	0.0
894	D	e	0.0	0.0	0.0	0.0
895	P	f	0.0	0.0	0.0	0.0
896	T	g	0.0	0.0	0.0	0.0
897	R	a	0.0	0.0	0.0	0.0
898	K	b	0.0	0.0	0.0	0.0
899	G	c	0.0	0.0	0.0	0.0
900	S	d	0.0	0.0	0.0	0.0
901	V	e	0.0	0.0	0.0	0.0
902	V	f	0.0	0.0	0.0	0.0
903	N	g	0.0	0.0	0.0	0.0
904	V	a	0.0	0.0	0.0	0.0
905	N	b	0.0	0.0	0.0	0.0
906	P	c	0.0	0.0	0.0	0.0
907	T	d	0.0	0.0	0.0	0.0
908	N	e	0.0	0.0	0.0	0.0
909	T	f	0.0	0.0	0.0	0.0
910	R	g	0.0	0.0	0.0	0.0
911	P	a	0.0	0.0	0.0	0.0
912	Q	b	0.0	0.0	0.0	0.0
913	S	c	0.0	0.0	0.0	0.0
914	D	d	0.0	0.0	0.0	0.0
915	T	e	0.0	0.0	0.0	0.0
916	P	f	0.0	0.0	0.0	0.0
917	E	g	0.0	0.0	0.0	0.0
918	I	a	0.0	0.0	0.0	0.0
919	R	b	0.0	0.0	0.0	0.0
920	K	c	0.0	0.0	0.0	0.0
921	Y	d	0.0	0.0	0.0	0.0
922	K	e	0.0	0.0	0.0	0.0
923	K	f	0.0	0.0	0.0	0.0
924	R	g	0.0	0.0	0.004	0.0
925	F	a	0.0	0.0	0.0	0.0179
926	N	b	0.0	0.0	0.0	0.0
927	S	c	0.0	0.0	0.0	0.0238
928	E	d	0.0	0.0	0.0	0.0357
929	I	e	0.0	0.0	0.0	0.0238
930	L	f	0.0	0.0	0.0	0.0357
931	C	g	0.0	0.0	0.0	0.0119
932	A	a	0.0	0.0	0.0	0.0
933	A	b	0.0	0.0	0.0	0.0
934	L	c	0.0	0.0	0.0	0.0
935	W	d	0.0	0.0	0.0	0.0
936	G	e	0.0	0.0	0.0	0.0
937	V	f	0.0	0.0	0.0	0.0
938	N	g	0.0	0.0	0.0	0.0
939	L	a	0.0	0.0	0.0	0.0
940	L	b	0.0	0.0	0.0	0.0
941	V	c	0.0	0.0	0.0	0.0
942	G	d	0.0	0.0	0.0	0.0
943	T	e	0.0	0.0	0.0	0.0
944	E	f	0.0	0.0	0.0	0.0
945	S	g	0.0	0.0	0.0	0.0
946	G	a	0.0	0.0	0.0	0.0
947	L	b	0.0	0.0	0.0	0.0
948	M	c	0.0	0.0	0.0	0.0
949	L	d	0.0	0.0	0.0	0.0
950	L	e	0.0	0.0	0.0	0.0
951	D	f	0.0	0.0	0.0	0.0
952	R	g	0.0	0.0	0.0	0.0
953	S	a	0.0	0.0	0.0	0.0
954	G	b	0.0	0.0	0.0	0.0
955	Q	c	0.0	0.0	0.0	0.0
956	G	d	0.0	0.0	0.0	0.0
957	K	e	0.0	0.0	0.0	0.0
958	V	f	0.0	0.0	0.0	0.0
959	Y	g	0.0	0.0	0.0	0.0
960	P	a	0.0	0.0	0.0	0.0
961	L	b	0.0	0.0	0.0	0.0
962	I	c	0.0	0.0	0.0	0.0
963	N	d	0.0	0.0	0.0	0.0
964	R	e	0.0	0.0	0.0	0.0
965	R	f	0.0	0.0	0.0	0.0
966	R	g	0.0	0.0	0.0	0.0
967	F	a	0.0	0.0	0.0	0.0
968	Q	b	0.0	0.0	0.0	0.0
969	Q	c	0.0	0.0	0.0	0.0
970	M	d	0.0	0.0	0.0	0.0
971	D	e	0.0	0.0	0.0	0.0
972	V	f	0.0	0.0	0.0	0.0
973	L	g	0.0	0.0	0.0	0.0
974	E	a	0.0	0.0	0.0	0.0
975	G	b	0.0	0.0	0.0	0.0
976	L	c	0.0	0.0	0.0	0.0
977	N	d	0.0	0.0	0.0	0.0
978	V	e	0.0	0.0	0.0	0.0
979	L	f	0.0	0.0	0.0	0.0
980	V	g	0.0	0.0	0.0	0.0
981	T	a	0.0	0.0	0.0	0.0
982	I	b	0.0	0.0	0.0	0.0
983	S	c	0.0	0.0	0.0	0.0
984	G	d	0.0	0.0	0.0	0.0
985	K	e	0.0	0.0	0.0	0.0
986	K	f	0.0	0.0	0.0	0.0
987	D	g	0.0	0.0	0.0	0.0
988	K	a	0.0	0.0	0.0	0.0
989	L	b	0.0	0.0	0.0	0.0
990	R	c	0.0	0.0	0.0	0.0
991	V	d	0.0	0.0	0.0	0.0
992	Y	e	0.0	0.0	0.0	0.0
993	Y	f	0.0	0.0	0.0	0.0
994	L	g	0.0	0.0	0.0	0.0
995	S	a	0.0	0.0	0.0	0.0
996	W	b	0.0	0.0	0.0	0.0
997	L	c	0.0	0.0	0.0	0.0
998	R	d	0.0	0.0	0.0	0.0
999	N	e	0.0	0.0	0.0	0.0
1000	K	f	0.0	0.0	0.0	0.0
1001	I	g	0.0	0.0	0.0	0.0
1002	L	a	0.0	0.0	0.0	0.0179
1003	H	b	0.0	0.0	0.0	0.0298
1004	N	c	0.0	0.0	0.0	0.0298
1005	D	d	0.0	0.0	0.0	0.0179
1006	P	e	0.0	0.0	0.0	0.0298
1007	E	f	0.0	0.0	0.0	0.0298
1008	V	g	0.0	0.0	0.0	0.006
1009	E	a	0.0	0.0	0.0	0.006
1010	K	b	0.0	0.0	0.0	0.006
1011	K	c	0.0	0.0	0.0	0.0238
1012	Q	d	0.0	0.0	0.0	0.0
1013	G	e	0.0	0.0	0.0	0.0
1014	W	f	0.0	0.0	0.0	0.0
1015	T	g	0.0	0.0	0.0	0.0
1016	T	a	0.0	0.0	0.0	0.0
1017	V	b	0.0	0.0	0.0	0.0
1018	G	c	0.0	0.0	0.0	0.0
1019	D	d	0.0	0.0	0.0	0.0
1020	L	e	0.0	0.0	0.0	0.0
1021	E	f	0.0	0.0	0.0	0.0
1022	G	g	0.0	0.0	0.0	0.0
1023	C	a	0.0	0.0	0.0	0.0
1024	V	b	0.0	0.0	0.0	0.0
1025	H	c	0.0	0.0	0.0	0.0
1026	Y	d	0.0	0.0	0.0	0.0
1027	K	e	0.0	0.0	0.0	0.0
1028	V	f	0.0	0.0	0.0	0.0
1029	V	g	0.0	0.0	0.0	0.0
1030	K	a	0.0	0.0	0.0	0.0
1031	Y	b	0.0	0.0	0.0	0.0
1032	E	c	0.0	0.0	0.0	0.0
1033	R	d	0.0	0.0	0.0	0.0
1034	I	e	0.0	0.0	0.0	0.0
1035	K	f	0.0	0.0	0.0	0.0
1036	F	g	0.0	0.0	0.0	0.0
1037	L	a	0.0	0.0	0.0	0.0
1038	V	b	0.0	0.0	0.0	0.0
1039	I	c	0.0	0.0	0.0	0.0
1040	A	d	0.0	0.0	0.0	0.0
1041	L	e	0.0	0.0	0.0	0.0
1042	K	f	0.0	0.0	0.0	0.0
1043	S	g	0.0	0.0	0.0	0.0
1044	S	a	0.0	0.0	0.0	0.006
1045	V	b	0.0	0.0	0.0	0.0119
1046	E	c	0.0	0.0	0.0	0.0298
1047	V	d	0.0	0.0	0.0	0.006
1048	Y	e	0.0	0.0	0.0	0.006
1049	A	f	0.0	0.0	0.0	0.0
1050	W	g	0.0	0.0	0.0	0.0
1051	A	a	0.0	0.0	0.0	0.0
1052	P	b	0.0	0.0	0.0	0.0
1053	K	c	0.0	0.0	0.0	0.0
1054	P	d	0.0	0.0	0.0	0.0
1055	Y	e	0.0	0.0	0.0	0.0
1056	H	f	0.0	0.0	0.0	0.0
1057	K	g	0.0	0.0	0.0	0.0
1058	F	a	0.0	0.0	0.0	0.0
1059	M	b	0.0	0.0	0.0	0.0
1060	A	c	0.0	0.0	0.0	0.0
1061	F	d	0.0	0.0	0.0	0.0
1062	K	e	0.0	0.0	0.0	0.0
1063	S	f	0.0	0.0	0.0	0.0
1064	F	g	0.0	0.0	0.0	0.0
1065	G	a	0.0	0.0	0.0	0.0
1066	E	b	0.0	0.0	0.0	0.0
1067	L	c	0.0	0.0	0.0	0.0
1068	V	d	0.0	0.0	0.0	0.0
1069	H	e	0.0	0.0	0.0	0.0
1070	K	f	0.0	0.0	0.0	0.0
1071	P	g	0.0	0.0	0.0	0.0
1072	L	a	0.0	0.0	0.0	0.0
1073	L	b	0.0	0.0	0.0	0.0
1074	V	c	0.0	0.0	0.0	0.0
1075	D	d	0.0	0.0	0.0	0.0
1076	L	e	0.0	0.0	0.0	0.0
1077	T	f	0.0	0.0	0.0	0.0
1078	V	g	0.0	0.0	0.0	0.0
1079	E	a	0.0	0.0	0.0	0.0
1080	E	b	0.0	0.0	0.0	0.0
1081	G	c	0.0	0.0	0.0	0.0
1082	Q	d	0.0	0.0	0.0	0.0
1083	R	e	0.0	0.0	0.0	0.0
1084	L	f	0.0	0.0	0.0	0.0
1085	K	g	0.0	0.0	0.0	0.0
1086	V	a	0.0	0.0	0.0	0.0
1087	I	b	0.0	0.0	0.0	0.0
1088	Y	c	0.0	0.0	0.0	0.0
1089	G	d	0.0	0.0	0.0	0.0
1090	S	e	0.0	0.0	0.0	0.0
1091	C	f	0.0	0.0	0.0	0.0
1092	A	g	0.0	0.0	0.0	0.0
1093	G	a	0.0	0.0	0.0	0.0
1094	F	b	0.0	0.0	0.0	0.0
1095	H	c	0.0	0.0	0.0	0.0
1096	A	d	0.0	0.0	0.0	0.0
1097	V	e	0.0	0.0	0.0	0.0
1098	D	f	0.0	0.0	0.0	0.0
1099	V	g	0.0	0.0	0.0	0.0
1100	D	a	0.0	0.0	0.0	0.0
1101	S	b	0.0	0.0	0.0	0.0
1102	G	c	0.0	0.0	0.0	0.0
1103	S	d	0.0	0.0	0.0	0.0
1104	V	e	0.0	0.0	0.0	0.0
1105	Y	f	0.0	0.0	0.0	0.0
1106	D	g	0.0	0.0	0.0	0.0
1107	I	a	0.0	0.0	0.0	0.0
1108	Y	b	0.0	0.0	0.0	0.0
1109	L	c	0.0	0.0	0.0	0.0
1110	P	d	0.0	0.0	0.0	0.0
1111	T	e	0.0	0.0	0.0	0.0
1112	H	f	0.0	0.0	0.0	0.0
1113	I	g	0.0	0.0	0.0	0.0
1114	Q	a	0.0	0.0	0.0	0.0
1115	C	b	0.0	0.0	0.0	0.0
1116	S	c	0.0	0.0	0.0	0.0
1117	I	d	0.0	0.0	0.0	0.0
1118	K	e	0.0	0.0	0.0	0.0
1119	P	f	0.0	0.0	0.0	0.0
1120	H	g	0.0	0.0	0.0	0.0
1121	A	a	0.0	0.0	0.0	0.0
1122	I	b	0.0	0.0	0.0	0.0
1123	I	c	0.0	0.0	0.0	0.0
1124	I	d	0.0	0.0	0.0	0.0
1125	L	e	0.0	0.0	0.0	0.0
1126	P	f	0.0	0.0	0.0	0.0
1127	N	g	0.0	0.0	0.0	0.0
1128	T	a	0.0	0.0	0.0	0.0
1129	D	b	0.0	0.0	0.0	0.0
1130	G	c	0.0	0.0	0.0	0.0
1131	M	d	0.0	0.0	0.0	0.0
1132	E	e	0.0	0.0	0.0	0.0
1133	L	f	0.0	0.0	0.0	0.0
1134	L	g	0.0	0.0	0.0	0.0
1135	V	a	0.0	0.0	0.0	0.0
1136	C	b	0.0	0.0	0.0	0.0
1137	Y	c	0.0	0.0	0.0	0.0
1138	E	d	0.0	0.0	0.0	0.0
1139	D	e	0.0	0.0	0.0	0.0
1140	E	f	0.0	0.0	0.0	0.0
1141	G	g	0.0	0.0	0.0	0.0
1142	V	a	0.0	0.0	0.0	0.0
1143	Y	b	0.0	0.0	0.0	0.0
1144	V	c	0.0	0.0	0.0	0.0
1145	N	d	0.0	0.0	0.0	0.0
1146	T	e	0.0	0.0	0.0	0.0
1147	Y	f	0.0	0.0	0.0	0.0
1148	G	g	0.0	0.0	0.0	0.0
1149	R	a	0.0	0.0	0.0	0.0
1150	I	b	0.0	0.0	0.0	0.0
1151	T	c	0.0	0.0	0.0	0.0
1152	K	d	0.0	0.0	0.0	0.0
1153	D	e	0.0	0.0	0.0	0.0
1154	V	f	0.0	0.0	0.0	0.0
1155	V	g	0.0	0.0	0.0	0.0
1156	L	a	0.0	0.0	0.0	0.0
1157	Q	b	0.0	0.0	0.0	0.0
1158	W	c	0.0	0.0	0.0	0.0
1159	G	d	0.0	0.0	0.0	0.0
1160	E	e	0.0	0.0	0.0	0.0
1161	M	f	0.0	0.0	0.0	0.0
1162	P	g	0.0	0.0	0.0	0.0
1163	T	a	0.0	0.0	0.0	0.0
1164	S	b	0.0	0.0	0.0	0.0
1165	V	c	0.0	0.0	0.0	0.0
1166	A	d	0.0	0.0	0.0	0.0
1167	Y	e	0.0	0.0	0.0	0.0
1168	I	f	0.0	0.0	0.0	0.0
1169	R	g	0.0	0.0	0.0	0.0
1170	S	a	0.0	0.0	0.0	0.0
1171	N	b	0.0	0.0	0.0	0.0
1172	Q	c	0.0	0.0	0.0	0.0
1173	T	d	0.0	0.0	0.0	0.0
1174	M	e	0.0	0.0	0.0	0.0
1175	G	f	0.0	0.0	0.0	0.0
1176	W	g	0.0	0.0	0.0	0.0
1177	G	a	0.0	0.0	0.0	0.0
1178	E	b	0.0	0.0	0.0	0.0
1179	K	c	0.0	0.0	0.0	0.0
1180	A	d	0.0	0.0	0.0	0.0
1181	I	e	0.0	0.0	0.0	0.0
1182	E	f	0.0	0.0	0.0	0.0119
1183	I	g	0.0	0.0	0.0	0.0238
1184	R	a	0.0	0.0	0.0	0.0238
1185	S	b	0.0	0.0	0.0	0.0119
1186	V	c	0.0	0.0	0.0	0.0119
1187	E	d	0.0	0.0	0.0	0.0119
1188	T	e	0.0068	0.0	0.0	0.0
1189	G	f	0.0085	0.0	0.0	0.0
1190	H	g	0.0102	0.0	0.0	0.0
1191	L	a	0.0102	0.0	0.0	0.0
1192	D	b	0.0034	0.0	0.0	0.0
1193	G	c	0.0068	0.0119	0.0	0.0
1194	V	d	0.0068	0.0119	0.0	0.0
1195	F	e	0.0	0.003	0.004	0.0
1196	M	f	0.0	0.0327	0.0	0.0
1197	H	g	0.0	0.0327	0.0	0.0
1198	K	a	0.0	0.0327	0.0	0.0
1199	R	b	0.0	0.0387	0.0159	0.0
1200	A	c	0.0	0.0149	0.0159	0.0119
1201	Q	d	0.0	0.0179	0.0317	0.0119
1202	R	e	0.0	0.0179	0.0397	0.0357
1203	L	f	0.0	0.006	0.0595	0.1071
1204	K	g	0.0	0.0119	0.0635	0.1071
1205	F	a	0.0	0.0238	0.0714	0.1012
1206	L	b	0.0	0.0179	0.0635	0.0952
1207	C	c	0.0	0.0238	0.0714	0.1012
1208	E	d	0.0	0.0238	0.0675	0.1071
1209	R	e	0.0	0.0238	0.0476	0.0833
1210	N	f	0.0	0.0119	0.0397	0.0714
1211	D	g	0.0	0.0119	0.0397	0.0833
1212	K	a	0.0	0.0089	0.0159	0.0952
1213	V	b	0.0	0.006	0.0	0.0
1214	F	c	0.0	0.0	0.0	0.0
1215	F	d	0.0	0.0	0.0079	0.0
1216	A	e	0.0	0.0	0.0	0.0
1217	S	f	0.0	0.0	0.0	0.0
1218	V	g	0.0	0.0	0.0	0.0
1219	R	a	0.0	0.0	0.0	0.0
1220	S	b	0.0	0.0	0.0	0.0
1221	G	c	0.0	0.0	0.0	0.0
1222	G	d	0.0	0.0	0.0	0.0
1223	S	e	0.0	0.0	0.0	0.0
1224	S	f	0.0	0.0	0.0	0.0
1225	Q	g	0.0	0.0	0.0	0.0
1226	V	a	0.0	0.0	0.0	0.0
1227	Y	b	0.0	0.0	0.0	0.0
1228	F	c	0.0	0.0	0.0	0.0
1229	M	d	0.0	0.0	0.0	0.0
1230	T	e	0.0	0.0	0.0	0.0
1231	L	f	0.0	0.0	0.0	0.0
1232	G	g	0.0	0.0	0.0	0.0
1233	R	a	0.0	0.0	0.0	0.0
1234	T	b	0.0	0.0	0.0	0.0
1235	S	c	0.0	0.0	0.0	0.0
1236	L	d	0.0	0.0	0.0	0.0
1237	L	e	0.0	0.0	0.0	0.0
1238	S	f	0.0	0.0	0.0	0.0
1239	W	g	0.0	0.0	0.0	0.0