# IUPred2A: context-dependent prediction of protein disorder as a function of redox state and protein binding
# Balint Meszaros, Gabor Erdos, Zsuzsanna Dosztanyi
# Nucleic Acids Research 2018, Submitted
# IUPred2 type: long
# POS	AMINO ACID	IUPRED SCORE	ANCHOR SCORE
1	M	0.3983	0.3924
2	A	0.4507	0.3922
3	N	0.3321	0.3907
4	D	0.3774	0.3923
5	S	0.2918	0.3932
6	P	0.3215	0.3951
7	A	0.3460	0.3945
8	K	0.2752	0.3990
9	S	0.3019	0.4095
10	L	0.3356	0.4191
11	V	0.3840	0.4233
12	D	0.3910	0.4264
13	I	0.4149	0.4285
14	D	0.3215	0.4320
15	L	0.2094	0.4223
16	S	0.2224	0.4124
17	S	0.1349	0.4007
18	L	0.1162	0.3880
19	R	0.1298	0.3780
20	D	0.0929	0.3710
21	P	0.1028	0.3652
22	A	0.1449	0.3612
23	G	0.1449	0.3581
24	I	0.2164	0.3537
25	F	0.2094	0.3551
26	E	0.2034	0.3633
27	L	0.2034	0.3730
28	V	0.2129	0.3884
29	E	0.2292	0.4041
30	V	0.1528	0.4166
31	V	0.1399	0.4322
32	G	0.1184	0.4176
33	N	0.1373	0.4028
34	G	0.1424	0.3941
35	T	0.1554	0.3874
36	Y	0.2436	0.3812
37	G	0.2328	0.3741
38	Q	0.3053	0.3681
39	V	0.3740	0.3660
40	Y	0.2752	0.3626
41	K	0.3053	0.3522
42	G	0.3356	0.3446
43	R	0.2503	0.3404
44	H	0.2364	0.3343
45	V	0.1791	0.3219
46	K	0.1424	0.3100
47	T	0.2224	0.3026
48	G	0.1671	0.3003
49	Q	0.1611	0.3002
50	L	0.2292	0.3014
51	A	0.3215	0.3037
52	A	0.3426	0.3107
53	I	0.3599	0.3164
54	K	0.3774	0.3204
55	V	0.3910	0.3272
56	M	0.3667	0.3351
57	D	0.3667	0.3374
58	V	0.2817	0.3391
59	T	0.2988	0.3382
60	E	0.1969	0.3378
61	D	0.2951	0.3352
62	E	0.2849	0.3334
63	E	0.2258	0.3346
64	E	0.3117	0.3335
65	E	0.3117	0.3309
66	I	0.2884	0.3279
67	K	0.3249	0.3255
68	L	0.3249	0.3313
69	E	0.3948	0.3351
70	I	0.3910	0.3407
71	N	0.3872	0.3430
72	M	0.2918	0.3506
73	L	0.2470	0.3565
74	K	0.2364	0.3549
75	K	0.1476	0.3589
76	Y	0.0817	0.3693
77	S	0.1373	0.3771
78	H	0.1184	0.3855
79	H	0.1028	0.3936
80	R	0.0543	0.4017
81	N	0.0948	0.4064
82	I	0.0851	0.4129
83	A	0.1092	0.4109
84	T	0.1969	0.4068
85	Y	0.2292	0.4095
86	Y	0.2292	0.4045
87	G	0.3215	0.3924
88	A	0.3286	0.3833
89	F	0.3286	0.3700
90	I	0.3356	0.3454
91	K	0.2541	0.3230
92	K	0.1528	0.3107
93	S	0.1583	0.3045
94	P	0.1323	0.3048
95	P	0.1028	0.3072
96	G	0.1759	0.3080
97	H	0.1583	0.3153
98	D	0.1092	0.3261
99	D	0.1275	0.3360
100	Q	0.1914	0.3498
101	L	0.2752	0.3705
102	W	0.2783	0.3882
103	L	0.1942	0.3891
104	V	0.2002	0.3785
105	M	0.1791	0.3605
106	E	0.0985	0.3409
107	F	0.0676	0.3246
108	C	0.0631	0.3044
109	G	0.0646	0.2795
110	A	0.0646	0.2571
111	G	0.0581	0.2363
112	S	0.0967	0.2178
113	I	0.1731	0.2025
114	T	0.2541	0.1935
115	D	0.2328	0.1882
116	L	0.2680	0.1878
117	V	0.2680	0.1879
118	K	0.3840	0.1838
119	N	0.3529	0.1838
120	T	0.2752	0.1859
121	K	0.2752	0.1896
122	G	0.1914	0.1953
123	N	0.1275	0.2025
124	T	0.1942	0.2124
125	L	0.1914	0.2236
126	K	0.2002	0.2351
127	E	0.2002	0.2418
128	D	0.1823	0.2482
129	W	0.1881	0.2567
130	I	0.1759	0.2543
131	A	0.1115	0.2508
132	Y	0.0985	0.2405
133	I	0.0985	0.2304
134	S	0.0543	0.2211
135	R	0.0531	0.2148
136	E	0.0518	0.2086
137	I	0.0531	0.2050
138	L	0.0473	0.2078
139	R	0.0300	0.2128
140	G	0.0320	0.2202
141	L	0.0543	0.2396
142	A	0.0631	0.2635
143	H	0.1137	0.2888
144	L	0.1137	0.3086
145	H	0.1137	0.3290
146	I	0.1137	0.3404
147	H	0.1115	0.3505
148	H	0.1823	0.3527
149	V	0.2002	0.3443
150	I	0.1373	0.3341
151	H	0.0870	0.3225
152	R	0.1424	0.3000
153	D	0.1759	0.2765
154	I	0.1881	0.2561
155	K	0.2364	0.2432
156	G	0.2541	0.2293
157	Q	0.2783	0.2213
158	N	0.2783	0.2142
159	V	0.1969	0.2112
160	L	0.1969	0.2092
161	L	0.2849	0.2071
162	T	0.1823	0.2082
163	E	0.1823	0.2134
164	N	0.1251	0.2201
165	A	0.1881	0.2289
166	E	0.1643	0.2364
167	V	0.1759	0.2442
168	K	0.1048	0.2516
169	L	0.1028	0.2611
170	V	0.1424	0.2700
171	D	0.2129	0.2784
172	F	0.2258	0.2868
173	G	0.2224	0.2877
174	V	0.2094	0.2885
175	S	0.1969	0.2864
176	A	0.2364	0.2791
177	Q	0.2258	0.2696
178	L	0.1852	0.2656
179	D	0.1206	0.2619
180	R	0.1881	0.2570
181	T	0.2503	0.2544
182	V	0.2715	0.2554
183	G	0.2884	0.2574
184	R	0.1942	0.2736
185	R	0.2164	0.2965
186	N	0.1969	0.3252
187	T	0.2503	0.3616
188	F	0.2503	0.4052
189	I	0.2715	0.4258
190	G	0.1852	0.3911
191	T	0.1611	0.3547
192	P	0.1007	0.3245
193	Y	0.1476	0.2980
194	W	0.1583	0.2747
195	M	0.1671	0.2803
196	A	0.1914	0.2946
197	P	0.1852	0.3124
198	E	0.1611	0.3347
199	V	0.2680	0.3630
200	I	0.2609	0.3959
201	A	0.2645	0.4298
202	C	0.1759	0.3993
203	D	0.1528	0.3691
204	E	0.2364	0.3381
205	N	0.3426	0.3089
206	P	0.3019	0.3039
207	D	0.2258	0.3093
208	A	0.2034	0.3142
209	T	0.1275	0.3179
210	Y	0.1791	0.3247
211	D	0.1852	0.3432
212	Y	0.2129	0.3590
213	R	0.2752	0.3803
214	S	0.1942	0.4045
215	D	0.1914	0.4297
216	L	0.1528	0.4137
217	W	0.1184	0.4044
218	S	0.1206	0.4066
219	C	0.1424	0.4092
220	G	0.1229	0.4075
221	I	0.2193	0.4094
222	T	0.2399	0.4231
223	A	0.2575	0.4318
224	I	0.1823	0.4171
225	E	0.1914	0.3931
226	M	0.1643	0.3725
227	A	0.2364	0.3511
228	E	0.3631	0.3333
229	G	0.3356	0.3212
230	A	0.4119	0.3075
231	P	0.3872	0.2926
232	P	0.4017	0.2853
233	L	0.3053	0.2902
234	C	0.2645	0.2965
235	D	0.2752	0.3168
236	M	0.2918	0.3374
237	H	0.3182	0.3567
238	P	0.3529	0.3797
239	M	0.3704	0.4066
240	R	0.3948	0.4281
241	A	0.4441	0.4185
242	L	0.4119	0.4001
243	F	0.3215	0.3914
244	L	0.3872	0.3953
245	I	0.4685	0.4085
246	P	0.4507	0.4327
247	R	0.4725	0.4119
248	N	0.3704	0.3967
249	P	0.3426	0.3846
250	P	0.3599	0.3753
251	P	0.3599	0.3724
252	R	0.2918	0.3757
253	L	0.2715	0.3841
254	K	0.3599	0.3924
255	S	0.3392	0.4080
256	K	0.3426	0.4279
257	K	0.3249	0.4219
258	W	0.3392	0.4073
259	S	0.2503	0.3970
260	K	0.1671	0.3862
261	K	0.1115	0.3755
262	F	0.0909	0.3654
263	F	0.1007	0.3612
264	S	0.0967	0.3644
265	F	0.0929	0.3653
266	I	0.0985	0.3693
267	E	0.0985	0.3755
268	G	0.1206	0.3786
269	C	0.2002	0.3832
270	L	0.2094	0.3874
271	V	0.2224	0.3954
272	K	0.2436	0.4030
273	N	0.2715	0.4092
274	Y	0.2951	0.4123
275	M	0.2884	0.4141
276	Q	0.3774	0.4176
277	R	0.4685	0.4207
278	P	0.3740	0.4210
279	S	0.3087	0.4216
280	T	0.3774	0.4233
281	E	0.4541	0.4252
282	Q	0.5211	0.4268
283	L	0.5620	0.4304
284	L	0.5620	0.4361
285	K	0.6712	0.4405
286	H	0.6851	0.4449
287	P	0.6806	0.4500
288	F	0.6183	0.4558
289	I	0.5707	0.4570
290	R	0.4979	0.4550
291	D	0.4979	0.4516
292	Q	0.4292	0.4485
293	P	0.4119	0.4410
294	N	0.4901	0.4320
295	E	0.5707	0.4269
296	R	0.5098	0.4337
297	Q	0.5211	0.4469
298	V	0.4831	0.4641
299	R	0.5901	0.4766
300	I	0.6620	0.5026
301	Q	0.6661	0.5192
302	L	0.6375	0.5347
303	K	0.6136	0.5296
304	D	0.5901	0.5315
305	H	0.5758	0.5264
306	I	0.5577	0.5064
307	D	0.5901	0.4618
308	R	0.5758	0.4028
309	T	0.6620	0.3503
310	R	0.6755	0.2986
311	K	0.6755	0.2642
312	K	0.6661	0.2469
313	R	0.6661	0.2489
314	G	0.6806	0.2696
315	E	0.6755	0.2857
316	K	0.6712	0.3132
317	D	0.7459	0.3517
318	E	0.7250	0.3959
319	T	0.7331	0.4481
320	E	0.7163	0.4899
321	Y	0.7250	0.5345
322	E	0.7289	0.5375
323	Y	0.6712	0.5515
324	S	0.7250	0.5314
325	G	0.7120	0.4957
326	S	0.7120	0.4527
327	E	0.7120	0.3983
328	E	0.7080	0.3515
329	E	0.6991	0.3117
330	E	0.7331	0.2821
331	E	0.7369	0.2653
332	E	0.8125	0.2572
333	V	0.7595	0.2792
334	P	0.7755	0.2917
335	E	0.7881	0.3116
336	Q	0.7209	0.3492
337	E	0.7595	0.3999
338	G	0.7755	0.4662
339	E	0.7672	0.5206
340	P	0.7799	0.5812
341	S	0.7982	0.6296
342	S	0.7459	0.6792
343	I	0.7331	0.7095
344	V	0.7755	0.7057
345	N	0.7459	0.6985
346	V	0.6806	0.7124
347	P	0.6136	0.7228
348	G	0.5951	0.7179
349	E	0.5254	0.7160
350	S	0.5382	0.7183
351	T	0.4979	0.7103
352	L	0.4831	0.6988
353	R	0.4940	0.6678
354	R	0.5456	0.6482
355	D	0.5951	0.6465
356	F	0.5493	0.6394
357	L	0.6227	0.6045
358	R	0.5620	0.5475
359	L	0.5533	0.5122
360	Q	0.5139	0.4710
361	Q	0.4864	0.4318
362	E	0.4541	0.4001
363	N	0.5055	0.3737
364	K	0.5254	0.3554
365	E	0.4979	0.3471
366	R	0.4507	0.3468
367	S	0.5098	0.3525
368	E	0.5533	0.3620
369	A	0.5758	0.3820
370	L	0.6375	0.3855
371	R	0.5807	0.3883
372	R	0.5493	0.3924
373	Q	0.5493	0.3952
374	Q	0.5296	0.3986
375	L	0.5254	0.4028
376	L	0.5254	0.3922
377	Q	0.5098	0.3788
378	E	0.4940	0.3676
379	Q	0.4766	0.3599
380	Q	0.4725	0.3505
381	L	0.4725	0.3520
382	R	0.4507	0.3541
383	E	0.4766	0.3600
384	Q	0.4685	0.3660
385	E	0.4441	0.3732
386	E	0.4801	0.3827
387	Y	0.5098	0.4002
388	K	0.4831	0.4090
389	R	0.4476	0.4198
390	Q	0.4369	0.4288
391	L	0.4369	0.4379
392	L	0.4766	0.4358
393	A	0.4864	0.4285
394	E	0.4901	0.4102
395	R	0.4864	0.3940
396	Q	0.4725	0.3770
397	K	0.4541	0.3583
398	R	0.4619	0.4326
399	I	0.4256	0.4237
400	E	0.4441	0.4037
401	Q	0.4369	0.3870
402	Q	0.4766	0.3712
403	K	0.5139	0.3612
404	E	0.4801	0.3540
405	Q	0.4619	0.3528
406	R	0.4801	0.3494
407	R	0.4582	0.3465
408	R	0.4619	0.3429
409	L	0.4901	0.3445
410	E	0.5098	0.3354
411	E	0.4901	0.3320
412	Q	0.4901	0.3307
413	Q	0.4864	0.3292
414	R	0.4864	0.3269
415	R	0.4725	0.3259
416	E	0.4685	0.3232
417	R	0.4864	0.3232
418	E	0.4864	0.3235
419	A	0.4901	0.3228
420	R	0.5098	0.3118
421	R	0.5139	0.3064
422	Q	0.5176	0.2993
423	Q	0.5098	0.2910
424	E	0.5055	0.2807
425	R	0.5342	0.2730
426	E	0.5419	0.2642
427	Q	0.5254	0.2582
428	R	0.4979	0.2569
429	R	0.4940	0.2557
430	R	0.4801	0.2519
431	E	0.4541	0.2589
432	Q	0.4725	0.2679
433	E	0.4619	0.2764
434	E	0.4476	0.2885
435	K	0.4369	0.3020
436	R	0.4582	0.3126
437	R	0.4582	0.3241
438	L	0.4507	0.3331
439	E	0.4652	0.3304
440	E	0.4801	0.3298
441	L	0.4831	0.3321
442	E	0.4766	0.3206
443	R	0.4619	0.3096
444	R	0.4766	0.3040
445	R	0.4766	0.2974
446	K	0.4652	0.2919
447	E	0.4766	0.2859
448	E	0.4979	0.2811
449	E	0.5382	0.2752
450	E	0.5296	0.2745
451	R	0.4864	0.2763
452	R	0.5342	0.2774
453	R	0.5254	0.2844
454	A	0.5382	0.2928
455	E	0.5577	0.2923
456	E	0.5707	0.2953
457	E	0.5211	0.3052
458	K	0.4831	0.3246
459	R	0.4766	0.3397
460	R	0.4685	0.3531
461	V	0.4801	0.3658
462	E	0.4541	0.3748
463	R	0.4652	0.3831
464	E	0.4725	0.3914
465	Q	0.4582	0.3997
466	E	0.4685	0.4118
467	Y	0.4619	0.4235
468	I	0.5017	0.4270
469	R	0.4582	0.4244
470	R	0.4652	0.4251
471	Q	0.4369	0.4292
472	L	0.4476	0.4364
473	E	0.4582	0.4372
474	E	0.4766	0.4384
475	E	0.4901	0.4394
476	Q	0.4476	0.3576
477	R	0.4149	0.3645
478	H	0.4619	0.3735
479	L	0.5017	0.3805
480	E	0.5254	0.3860
481	V	0.5533	0.3963
482	L	0.5707	0.4077
483	Q	0.5807	0.4143
484	Q	0.5419	0.4342
485	Q	0.5419	0.4550
486	L	0.4831	0.4796
487	L	0.4685	0.4921
488	Q	0.3740	0.4940
489	E	0.3321	0.4957
490	Q	0.3667	0.5045
491	A	0.3910	0.5317
492	M	0.4256	0.5481
493	L	0.4619	0.5500
494	L	0.4831	0.5502
495	E	0.4652	0.5333
496	C	0.4685	0.5126
497	R	0.5176	0.4872
498	W	0.5577	0.4694
499	R	0.5382	0.4593
500	E	0.5055	0.4566
501	M	0.5055	0.4531
502	E	0.4864	0.4188
503	E	0.4766	0.3930
504	H	0.4766	0.3959
505	R	0.5254	0.3924
506	Q	0.5456	0.4043
507	A	0.6183	0.4192
508	E	0.6482	0.4180
509	R	0.7951	0.4297
510	L	0.7547	0.4533
511	Q	0.7163	0.4646
512	R	0.6427	0.4946
513	Q	0.6620	0.5549
514	L	0.6183	0.6341
515	Q	0.5901	0.6791
516	Q	0.6427	0.7437
517	E	0.6620	0.8065
518	Q	0.6851	0.8654
519	A	0.6755	0.9160
520	Y	0.6806	0.9426
521	L	0.7672	0.9576
522	L	0.7881	0.9674
523	S	0.8343	0.9702
524	L	0.8343	0.9710
525	Q	0.8894	0.9672
526	H	0.8894	0.9665
527	D	0.8894	0.9615
528	H	0.8991	0.9519
529	R	0.9151	0.9310
530	R	0.9308	0.9039
531	P	0.9657	0.8804
532	H	0.9807	0.8572
533	P	0.9879	0.8301
534	Q	0.9879	0.8137
535	H	0.9909	0.7948
536	S	0.9903	0.7735
537	Q	0.9887	0.7446
538	Q	0.9875	0.7226
539	P	0.9883	0.7052
540	P	0.9896	0.7008
541	P	0.9836	0.7169
542	P	0.9816	0.7394
543	Q	0.9777	0.7752
544	Q	0.9783	0.8139
545	E	0.9777	0.8410
546	R	0.9792	0.8724
547	S	0.9787	0.9027
548	K	0.9770	0.9312
549	P	0.9792	0.9552
550	S	0.9547	0.9735
551	F	0.9415	0.9833
552	H	0.9433	0.9857
553	A	0.9249	0.9870
554	P	0.9329	0.9864
555	E	0.9249	0.9859
556	P	0.9211	0.9877
557	K	0.9249	0.9891
558	A	0.9230	0.9900
559	H	0.8942	0.9903
560	Y	0.8713	0.9887
561	E	0.8853	0.9848
562	P	0.9249	0.9814
563	A	0.8596	0.9835
564	D	0.8565	0.9838
565	R	0.8235	0.9844
566	A	0.8343	0.9850
567	R	0.8162	0.9816
568	E	0.8343	0.9785
569	V	0.8421	0.9765
570	E	0.8235	0.9716
571	D	0.8991	0.9700
572	R	0.8991	0.9682
573	F	0.8741	0.9672
574	R	0.8853	0.9540
575	K	0.8713	0.9411
576	T	0.8741	0.9273
577	N	0.8872	0.9117
578	H	0.8942	0.9035
579	S	0.9013	0.8854
580	S	0.9308	0.8578
581	P	0.9039	0.8473
582	E	0.8565	0.8521
583	A	0.8623	0.8639
584	Q	0.9329	0.8583
585	S	0.9488	0.8686
586	K	0.9287	0.8846
587	Q	0.9396	0.8997
588	T	0.9308	0.9116
589	G	0.9230	0.9206
590	R	0.9230	0.9301
591	V	0.9249	0.9378
592	L	0.9081	0.9367
593	E	0.8565	0.9265
594	P	0.8623	0.9178
595	P	0.8681	0.9148
596	V	0.8792	0.9161
597	P	0.8894	0.9048
598	S	0.8828	0.8928
599	R	0.8792	0.8757
600	S	0.8681	0.8599
601	E	0.8313	0.8541
602	S	0.8872	0.8646
603	F	0.9329	0.8822
604	S	0.9287	0.8901
605	N	0.8872	0.9062
606	G	0.8765	0.9208
607	N	0.9057	0.9299
608	S	0.9057	0.9439
609	E	0.9013	0.9572
610	S	0.9039	0.9690
611	V	0.9190	0.9772
612	H	0.9249	0.9805
613	P	0.9013	0.9813
614	A	0.9534	0.9823
615	L	0.9346	0.9841
616	Q	0.9287	0.9808
617	R	0.9249	0.9771
618	P	0.9211	0.9732
619	A	0.9211	0.9678
620	E	0.9211	0.9557
621	P	0.9211	0.9406
622	Q	0.9547	0.9203
623	V	0.9269	0.9082
624	P	0.8853	0.9010
625	V	0.8872	0.8920
626	R	0.9151	0.8758
627	T	0.9057	0.8762
628	T	0.9151	0.8766
629	S	0.8966	0.8757
630	R	0.9168	0.8757
631	S	0.8894	0.8959
632	P	0.8792	0.9095
633	V	0.8765	0.9226
634	L	0.9013	0.9250
635	S	0.8894	0.9163
636	R	0.9211	0.9063
637	R	0.9269	0.9012
638	D	0.9308	0.8944
639	S	0.9249	0.8829
640	P	0.9329	0.8711
641	L	0.9249	0.8638
642	Q	0.9308	0.8303
643	G	0.9211	0.7944
644	S	0.9396	0.7495
645	G	0.9634	0.7067
646	Q	0.9634	0.6793
647	Q	0.9649	0.6560
648	N	0.9634	0.6356
649	S	0.9308	0.6432
650	Q	0.9329	0.6493
651	A	0.9329	0.6636
652	G	0.9534	0.6576
653	Q	0.9230	0.6892
654	R	0.8894	0.7430
655	N	0.8013	0.8036
656	S	0.7951	0.8534
657	T	0.7843	0.8934
658	S	0.7163	0.9279
659	I	0.7036	0.9496
660	E	0.7036	0.9576
661	P	0.6227	0.9698
662	R	0.5854	0.9794
663	L	0.6089	0.9868
664	L	0.5951	0.9896
665	W	0.6322	0.9896
666	E	0.6322	0.9882
667	R	0.6269	0.9871
668	V	0.6322	0.9861
669	E	0.6322	0.9825
670	K	0.7036	0.9795
671	L	0.7036	0.9779
672	V	0.6755	0.9697
673	P	0.6755	0.9527
674	R	0.7331	0.9253
675	P	0.7951	0.8929
676	G	0.8828	0.8607
677	S	0.8872	0.8286
678	G	0.8872	0.7858
679	S	0.9211	0.7295
680	S	0.9362	0.6819
681	S	0.9415	0.6268
682	G	0.9621	0.5692
683	S	0.9756	0.5441
684	S	0.9762	0.5381
685	N	0.9777	0.5401
686	S	0.9717	0.5524
687	G	0.9725	0.5679
688	S	0.9725	0.5793
689	Q	0.9725	0.5955
690	P	0.9725	0.6180
691	G	0.9744	0.6421
692	S	0.9762	0.6526
693	H	0.9733	0.6640
694	P	0.9519	0.6777
695	G	0.9503	0.6901
696	S	0.9249	0.7106
697	Q	0.9230	0.7273
698	S	0.9168	0.7445
699	G	0.9168	0.7656
700	S	0.9081	0.7796
701	G	0.8828	0.7915
702	E	0.8741	0.7976
703	R	0.8828	0.8127
704	F	0.8765	0.8283
705	R	0.8493	0.8179
706	V	0.8681	0.8087
707	R	0.8681	0.7764
708	S	0.8681	0.7400
709	S	0.8655	0.7005
710	S	0.8125	0.6824
711	K	0.8198	0.6597
712	S	0.8235	0.6359
713	E	0.8050	0.6275
714	G	0.7672	0.6407
715	S	0.8313	0.6461
716	P	0.8235	0.6718
717	S	0.8872	0.6926
718	Q	0.8966	0.7201
719	R	0.9057	0.7453
720	L	0.8991	0.7634
721	E	0.8942	0.7399
722	N	0.9057	0.7229
723	A	0.8828	0.7239
724	V	0.8085	0.7269
725	K	0.7951	0.6981
726	K	0.8313	0.6774
727	P	0.7459	0.6831
728	E	0.7331	0.6825
729	D	0.7595	0.6963
730	K	0.7547	0.7171
731	K	0.8162	0.7434
732	E	0.7595	0.8048
733	V	0.7547	0.8559
734	F	0.7547	0.8864
735	R	0.7459	0.9066
736	P	0.7459	0.9328
737	L	0.7459	0.9492
738	K	0.7209	0.9530
739	P	0.6531	0.9632
740	A	0.6227	0.9689
741	D	0.6227	0.9733
742	L	0.5854	0.9785
743	T	0.5854	0.9786
744	A	0.6531	0.9790
745	L	0.6906	0.9803
746	A	0.6948	0.9786
747	K	0.6906	0.9744
748	E	0.7843	0.9722
749	L	0.8085	0.9739
750	R	0.7595	0.9669
751	A	0.7209	0.9632
752	V	0.7036	0.9561
753	E	0.7718	0.9406
754	D	0.6906	0.9333
755	V	0.6991	0.9236
756	R	0.7505	0.9053
757	P	0.7595	0.9005
758	P	0.7718	0.8981
759	H	0.7718	0.8875
760	K	0.8313	0.8668
761	V	0.8343	0.8705
762	T	0.8530	0.8547
763	D	0.8853	0.8471
764	Y	0.8765	0.8451
765	S	0.8792	0.8186
766	S	0.9126	0.7901
767	S	0.9230	0.7716
768	S	0.9126	0.7436
769	E	0.8991	0.7177
770	E	0.9013	0.6970
771	S	0.8792	0.6977
772	G	0.9151	0.6884
773	T	0.9211	0.6902
774	T	0.9211	0.6965
775	D	0.9562	0.7099
776	E	0.9503	0.7468
777	E	0.9562	0.7818
778	D	0.9621	0.8133
779	D	0.9621	0.8399
780	D	0.9577	0.8597
781	V	0.9519	0.8755
782	E	0.9547	0.8761
783	Q	0.9649	0.8765
784	E	0.9677	0.8797
785	G	0.9703	0.8825
786	A	0.9664	0.8809
787	D	0.9606	0.8635
788	E	0.9503	0.8480
789	S	0.9362	0.8369
790	T	0.9287	0.8251
791	S	0.9211	0.8178
792	G	0.9151	0.8282
793	P	0.9126	0.8412
794	E	0.8681	0.8658
795	D	0.8530	0.8829
796	T	0.8565	0.8922
797	R	0.8741	0.9045
798	A	0.8741	0.9260
799	A	0.8655	0.9361
800	S	0.8765	0.9399
801	S	0.8741	0.9434
802	L	0.8343	0.9498
803	N	0.8162	0.9416
804	L	0.7843	0.9353
805	S	0.7629	0.9209
806	N	0.6806	0.9129
807	G	0.6227	0.9162
808	E	0.6427	0.9195
809	T	0.6755	0.9186
810	E	0.7080	0.9246
811	S	0.6531	0.9352
812	V	0.6712	0.9444
813	K	0.7369	0.9448
814	T	0.7369	0.9546
815	M	0.8313	0.9631
816	I	0.8162	0.9674
817	V	0.7982	0.9687
818	H	0.7916	0.9649
819	D	0.8125	0.9587
820	D	0.8085	0.9504
821	V	0.7843	0.9378
822	E	0.7982	0.9175
823	S	0.8462	0.8925
824	E	0.8596	0.8675
825	P	0.8013	0.8409
826	A	0.7459	0.8137
827	M	0.7595	0.7953
828	T	0.7982	0.7669
829	P	0.7982	0.7505
830	S	0.7881	0.7334
831	K	0.7881	0.7173
832	E	0.8279	0.7077
833	G	0.7951	0.7073
834	T	0.7951	0.7047
835	L	0.7799	0.7049
836	I	0.7415	0.6821
837	V	0.6906	0.6539
838	R	0.7120	0.6145
839	Q	0.6948	0.5798
840	T	0.6576	0.5496
841	Q	0.6427	0.5217
842	S	0.6576	0.4976
843	A	0.6322	0.4735
844	S	0.6227	0.4462
845	S	0.6183	0.4236
846	T	0.5807	0.4117
847	L	0.6576	0.4131
848	Q	0.7547	0.4077
849	K	0.6531	0.4218
850	H	0.5577	0.4523
851	K	0.5665	0.4771
852	S	0.5992	0.5050
853	S	0.5992	0.5314
854	S	0.5456	0.5620
855	S	0.4864	0.5990
856	F	0.4979	0.6327
857	T	0.4330	0.6554
858	P	0.4831	0.6767
859	F	0.5098	0.7009
860	I	0.5211	0.7096
861	D	0.5139	0.7032
862	P	0.5342	0.6986
863	R	0.5382	0.6898
864	L	0.5419	0.6793
865	L	0.4864	0.6613
866	Q	0.4901	0.6321
867	I	0.5854	0.6053
868	S	0.5211	0.5806
869	P	0.4292	0.5585
870	S	0.5211	0.5369
871	S	0.4864	0.5327
872	G	0.4725	0.5360
873	T	0.3667	0.5396
874	T	0.3807	0.5461
875	V	0.4409	0.5574
876	T	0.4766	0.5761
877	S	0.4652	0.6065
878	V	0.5707	0.6334
879	V	0.5901	0.6511
880	G	0.5176	0.6624
881	F	0.4441	0.6781
882	S	0.4476	0.6790
883	C	0.4476	0.6792
884	D	0.4507	0.6766
885	G	0.4801	0.6726
886	M	0.5382	0.6654
887	R	0.5382	0.6429
888	P	0.5342	0.6142
889	E	0.5992	0.5809
890	A	0.6620	0.5559
891	I	0.5807	0.5338
892	R	0.6227	0.5025
893	Q	0.6375	0.4779
894	D	0.6576	0.4593
895	P	0.6576	0.4418
896	T	0.6906	0.4269
897	R	0.7209	0.4153
898	K	0.7289	0.4109
899	G	0.6948	0.4097
900	S	0.6806	0.4085
901	V	0.7459	0.4072
902	V	0.8313	0.4028
903	N	0.8279	0.3985
904	V	0.8279	0.3972
905	N	0.8235	0.3923
906	P	0.8198	0.3908
907	T	0.8279	0.3892
908	N	0.7369	0.3898
909	T	0.7415	0.3940
910	R	0.7369	0.3985
911	P	0.6375	0.4033
912	Q	0.7120	0.4067
913	S	0.7755	0.4113
914	D	0.7629	0.4163
915	T	0.7163	0.4211
916	P	0.7163	0.4250
917	E	0.6712	0.4284
918	I	0.6806	0.4311
919	R	0.5533	0.4332
920	K	0.4725	0.4331
921	Y	0.3910	0.4332
922	K	0.3356	0.4332
923	K	0.3053	0.4304
924	R	0.2328	0.4250
925	F	0.1399	0.4165
926	N	0.1373	0.4104
927	S	0.0817	0.4010
928	E	0.0835	0.3911
929	I	0.0835	0.3774
930	L	0.0518	0.3634
931	C	0.0356	0.3548
932	A	0.0581	0.3477
933	A	0.0605	0.3381
934	L	0.0631	0.3332
935	W	0.0605	0.3370
936	G	0.1092	0.3489
937	V	0.0631	0.3542
938	N	0.0531	0.3596
939	L	0.0306	0.3618
940	L	0.0306	0.3717
941	V	0.0494	0.3881
942	G	0.0799	0.4017
943	T	0.0909	0.4111
944	E	0.1048	0.4222
945	S	0.1611	0.4298
946	G	0.2503	0.4331
947	L	0.2503	0.4278
948	M	0.2470	0.4311
949	L	0.1554	0.4077
950	L	0.2470	0.3732
951	D	0.2436	0.3341
952	R	0.2164	0.2960
953	S	0.2292	0.2594
954	G	0.2292	0.2233
955	Q	0.2258	0.1942
956	G	0.2292	0.1704
957	K	0.1349	0.1523
958	V	0.2034	0.1333
959	Y	0.2364	0.1196
960	P	0.2783	0.1116
961	L	0.3599	0.1051
962	I	0.2918	0.1020
963	N	0.2094	0.1047
964	R	0.2193	0.1071
965	R	0.2164	0.1102
966	R	0.1424	0.1137
967	F	0.1528	0.1163
968	Q	0.1070	0.1181
969	Q	0.0967	0.1258
970	M	0.1092	0.1376
971	D	0.0967	0.1475
972	V	0.0909	0.1597
973	L	0.1449	0.1727
974	E	0.1349	0.1802
975	G	0.1323	0.1920
976	L	0.1323	0.2048
977	N	0.1349	0.2148
978	V	0.2292	0.2261
979	L	0.1501	0.2381
980	V	0.1449	0.2411
981	T	0.1251	0.2405
982	I	0.0719	0.2490
983	S	0.0631	0.2636
984	G	0.0618	0.2787
985	K	0.0581	0.2973
986	K	0.0300	0.3167
987	D	0.0300	0.3362
988	K	0.0275	0.3576
989	L	0.0454	0.3771
990	R	0.0749	0.3931
991	V	0.0631	0.4111
992	Y	0.0356	0.4268
993	Y	0.0631	0.4301
994	L	0.0690	0.4177
995	S	0.0719	0.3955
996	W	0.0835	0.3694
997	L	0.0870	0.3324
998	R	0.0543	0.2918
999	N	0.0581	0.2527
1000	K	0.0967	0.2175
1001	I	0.0929	0.1865
1002	L	0.1399	0.1597
1003	H	0.2094	0.1355
1004	N	0.1852	0.1161
1005	D	0.2715	0.1024
1006	P	0.2783	0.0931
1007	E	0.3087	0.0846
1008	V	0.3872	0.0798
1009	E	0.3910	0.0763
1010	K	0.2849	0.0743
1011	K	0.2951	0.0716
1012	Q	0.3840	0.0695
1013	G	0.3872	0.0719
1014	W	0.3117	0.0760
1015	T	0.2951	0.0797
1016	T	0.1969	0.0830
1017	V	0.1731	0.0864
1018	G	0.1115	0.0904
1019	D	0.1092	0.0944
1020	L	0.1007	0.0988
1021	E	0.0568	0.1020
1022	G	0.0618	0.1081
1023	C	0.0605	0.1158
1024	V	0.0320	0.1124
1025	H	0.0646	0.1081
1026	Y	0.0287	0.1035
1027	K	0.0168	0.1005
1028	V	0.0171	0.0976
1029	V	0.0108	0.0952
1030	K	0.0093	0.0936
1031	Y	0.0093	0.0918
1032	E	0.0090	0.0913
1033	R	0.0090	0.0901
1034	I	0.0120	0.0874
1035	K	0.0123	0.0908
1036	F	0.0133	0.0928
1037	L	0.0148	0.0957
1038	V	0.0099	0.0967
1039	I	0.0115	0.0964
1040	A	0.0099	0.0992
1041	L	0.0088	0.0998
1042	K	0.0146	0.0987
1043	S	0.0134	0.0958
1044	S	0.0151	0.0909
1045	V	0.0160	0.0850
1046	E	0.0157	0.0789
1047	V	0.0306	0.0741
1048	Y	0.0248	0.0688
1049	A	0.0287	0.0653
1050	W	0.0424	0.0619
1051	A	0.0248	0.0531
1052	P	0.0424	0.0471
1053	K	0.0424	0.0428
1054	P	0.0205	0.0376
1055	Y	0.0205	0.0335
1056	H	0.0341	0.0311
1057	K	0.0188	0.0278
1058	F	0.0188	0.0243
1059	M	0.0306	0.0226
1060	A	0.0372	0.0205
1061	F	0.0870	0.0188
1062	K	0.0618	0.0185
1063	S	0.0300	0.0180
1064	F	0.0205	0.0170
1065	G	0.0188	0.0175
1066	E	0.0188	0.0179
1067	L	0.0194	0.0178
1068	V	0.0136	0.0183
1069	H	0.0294	0.0200
1070	K	0.0433	0.0212
1071	P	0.0531	0.0230
1072	L	0.1162	0.0249
1073	L	0.1184	0.0277
1074	V	0.0690	0.0306
1075	D	0.1373	0.0351
1076	L	0.0948	0.0373
1077	T	0.0483	0.0405
1078	V	0.0483	0.0434
1079	E	0.0749	0.0473
1080	E	0.0765	0.0497
1081	G	0.0483	0.0507
1082	Q	0.0341	0.0515
1083	R	0.0592	0.0520
1084	L	0.0494	0.0494
1085	K	0.0749	0.0487
1086	V	0.0581	0.0465
1087	I	0.0676	0.0453
1088	Y	0.0690	0.0449
1089	G	0.0704	0.0451
1090	S	0.0690	0.0457
1091	C	0.0618	0.0463
1092	A	0.0631	0.0472
1093	G	0.0605	0.0485
1094	F	0.0389	0.0498
1095	H	0.0380	0.0534
1096	A	0.0414	0.0570
1097	V	0.0356	0.0620
1098	D	0.0356	0.0704
1099	V	0.0364	0.0768
1100	D	0.0424	0.0856
1101	S	0.0443	0.0917
1102	G	0.0719	0.0977
1103	S	0.0494	0.1033
1104	V	0.0518	0.1066
1105	Y	0.0631	0.1089
1106	D	0.0646	0.1083
1107	I	0.0433	0.1019
1108	Y	0.0662	0.0957
1109	L	0.0719	0.0846
1110	P	0.1070	0.0752
1111	T	0.0799	0.0651
1112	H	0.0454	0.0576
1113	I	0.0263	0.0515
1114	Q	0.0163	0.0472
1115	C	0.0143	0.0445
1116	S	0.0275	0.0439
1117	I	0.0275	0.0427
1118	K	0.0518	0.0437
1119	P	0.0985	0.0466
1120	H	0.1583	0.0503
1121	A	0.1070	0.0546
1122	I	0.1137	0.0616
1123	I	0.0676	0.0699
1124	I	0.0676	0.0799
1125	L	0.0414	0.0900
1126	P	0.0424	0.1005
1127	N	0.0240	0.1109
1128	T	0.0473	0.1289
1129	D	0.0518	0.1496
1130	G	0.0494	0.1664
1131	M	0.0494	0.1878
1132	E	0.0405	0.2102
1133	L	0.0389	0.2277
1134	L	0.0454	0.2446
1135	V	0.0870	0.2550
1136	C	0.1476	0.2643
1137	Y	0.0734	0.2742
1138	E	0.0676	0.2769
1139	D	0.0646	0.2700
1140	E	0.0341	0.2576
1141	G	0.0356	0.2429
1142	V	0.0483	0.2284
1143	Y	0.0463	0.2156
1144	V	0.0543	0.2038
1145	N	0.0618	0.1945
1146	T	0.0555	0.1939
1147	Y	0.0948	0.1927
1148	G	0.0888	0.1951
1149	R	0.0799	0.2004
1150	I	0.0835	0.2100
1151	T	0.0568	0.2204
1152	K	0.0690	0.2342
1153	D	0.1070	0.2514
1154	V	0.1759	0.2651
1155	V	0.1759	0.2804
1156	L	0.1424	0.2935
1157	Q	0.0799	0.3033
1158	W	0.0851	0.3193
1159	G	0.0851	0.3220
1160	E	0.0835	0.3271
1161	M	0.1476	0.3252
1162	P	0.1476	0.3191
1163	T	0.1554	0.3111
1164	S	0.1162	0.3031
1165	V	0.1671	0.2936
1166	A	0.1373	0.2883
1167	Y	0.2094	0.2801
1168	I	0.2193	0.2681
1169	R	0.3215	0.2481
1170	S	0.2918	0.2392
1171	N	0.1914	0.2309
1172	Q	0.2470	0.2274
1173	T	0.1424	0.2314
1174	M	0.1399	0.2360
1175	G	0.1399	0.2370
1176	W	0.1399	0.2436
1177	G	0.1791	0.2389
1178	E	0.2715	0.2372
1179	K	0.3566	0.2396
1180	A	0.3529	0.2491
1181	I	0.2680	0.2553
1182	E	0.2645	0.2559
1183	I	0.2575	0.2573
1184	R	0.1914	0.2537
1185	S	0.1349	0.2533
1186	V	0.1070	0.2593
1187	E	0.1791	0.2622
1188	T	0.1791	0.2741
1189	G	0.1643	0.2842
1190	H	0.1399	0.2946
1191	L	0.1702	0.2980
1192	D	0.2541	0.3009
1193	G	0.1583	0.3107
1194	V	0.2364	0.3196
1195	F	0.1373	0.3307
1196	M	0.0851	0.3333
1197	H	0.0799	0.3309
1198	K	0.0799	0.3250
1199	R	0.0780	0.3191
1200	A	0.0851	0.3117
1201	Q	0.0929	0.3015
1202	R	0.1501	0.2977
1203	L	0.1007	0.2947
1204	K	0.0518	0.2934
1205	F	0.0398	0.2954
1206	L	0.0662	0.2935
1207	C	0.0851	0.2922
1208	E	0.0592	0.2849
1209	R	0.0605	0.2820
1210	N	0.0592	0.2755
1211	D	0.0734	0.2715
1212	K	0.0690	0.2717
1213	V	0.0676	0.2679
1214	F	0.1162	0.2599
1215	F	0.1206	0.2425
1216	A	0.1583	0.2201
1217	S	0.1583	0.2000
1218	V	0.1349	0.1860
1219	R	0.0948	0.1812
1220	S	0.0985	0.1748
1221	G	0.0531	0.1700
1222	G	0.0506	0.1635
1223	S	0.0494	0.1560
1224	S	0.0780	0.1511
1225	Q	0.1424	0.1468
1226	V	0.1611	0.1489
1227	Y	0.1251	0.1542
1228	F	0.1251	0.1607
1229	M	0.1007	0.1634
1230	T	0.0835	0.1576
1231	L	0.0676	0.1531
1232	G	0.0531	0.1502
1233	R	0.0398	0.1474
1234	T	0.0300	0.1434
1235	S	0.0223	0.1417
1236	L	0.0148	0.1407
1237	L	0.0168	0.1380
1238	S	0.0253	0.1336
1239	W	0.0568	0.1292